1.5346e-11 1.2887e-11 1.1855e-11 1.2983e-11 1.3372e-11 1.269e-11 1.1627e-11 1.1778e-11 6.1897e-12 1.2464e-11 1.1023e-11 7.9127e-12 7.4966e-12 5.5702e-12 5.5297e-12 5.8217e-12 5.7588e-12 4.4142e-12 3.8971e-12 3.9663e-12 2.1188e-12 3.2691e-12 3.0621e-12 3.0126e-12
1.4387e-11 1.4368e-11 1.4262e-11 1.3152e-11 1.0586e-11 1.1188e-11 1.4484e-11 1.4475e-11 1.0457e-11 1.001e-11 7.2092e-12 1.0287e-11 6.8589e-12 5.5071e-12 4.543e-12 4.3489e-12 4.8811e-12 4.2024e-12 3.951e-12 3.6474e-12 3.8759e-12 2.236e-12 2.5292e-12 2.4167e-12
1.4929e-11 1.38e-11 1.2655e-11 1.183e-11 1.359e-11 1.4943e-11 1.0815e-11 1.3822e-11 1.4538e-11 1.032e-11 1.1647e-11 8.686e-12 5.3149e-12 5.2489e-12 6.5569e-12 4.1323e-12 3.8326e-12 3.9533e-12 4.0822e-12 3.0941e-12 3.7004e-12 2.5586e-12 2.3315e-12 2.2809e-12
1.4387e-11 1.4368e-11 1.4262e-11 1.3152e-11 1.0586e-11 1.1188e-11 1.4484e-11 1.4475e-11 1.0457e-11 1.001e-11 7.2092e-12 1.0287e-11 6.8589e-12 5.5071e-12 4.543e-12 4.3489e-12 4.8811e-12 4.2024e-12 3.951e-12 3.6474e-12 3.8759e-12 2.236e-12 2.5292e-12 2.4167e-12
1.5346e-11 1.2887e-11 1.1855e-11 1.2983e-11 1.3372e-11 1.269e-11 1.1627e-11 1.1778e-11 6.1897e-12 1.2464e-11 1.1023e-11 7.9127e-12 7.4966e-12 5.5702e-12 5.5297e-12 5.8217e-12 5.7588e-12 4.4142e-12 3.8971e-12 3.9663e-12 2.1188e-12 3.2691e-12 3.0621e-12 3.0126e-12
1.2998e-11 1.347e-11 1.2971e-11 1.2968e-11 1.1842e-11 1.1686e-11 1.203e-11 1.2181e-11 7.4357e-12 8.1452e-12 7.9873e-12 8.4616e-12 7.0482e-12 7.2031e-12 5.6457e-12 5.5156e-12 4.4918e-12 4.4185e-12 3.8144e-12 3.9018e-12 2.7863e-12 2.6923e-12 3.543e-12 3.5008e-12
1.4387e-11 1.4368e-11 1.4262e-11 1.3152e-11 1.0586e-11 1.1188e-11 1.4484e-11 1.4475e-11 1.0457e-11 1.001e-11 7.2092e-12 1.0287e-11 6.8589e-12 5.5071e-12 4.543e-12 4.3489e-12 4.8811e-12 4.2024e-12 3.951e-12 3.6474e-12 3.8759e-12 2.236e-12 2.5292e-12 2.4167e-12
1.8506e-11 1.8165e-11 1.5256e-11 1.2642e-11 1.5022e-11 1.0438e-11 1.0767e-11 1.2097e-11 1.5382e-11 1.5226e-11 6.7753e-12 8.7268e-12 8.5501e-12 6.5046e-12 5.0484e-12 3.8564e-12 4.6768e-12 4.5807e-12 3.9399e-12 3.3845e-12 3.3317e-12 2.4686e-12 2.2792e-12 2.2436e-12
2.6942e-11 1.6591e-11 1.5219e-11 1.1886e-11 1.5993e-11 1.2899e-11 1.0337e-11 9.588e-12 1.5967e-11 1.5253e-11 6.6476e-12 6.0501e-12 8.6783e-12 8.0887e-12 4.6517e-12 4.3168e-12 4.9055e-12 4.158e-12 4.8251e-12 3.5818e-12 3.3366e-12 2.6652e-12 2.1882e-12 2.0883e-12
1.8506e-11 1.8165e-11 1.5256e-11 1.2642e-11 1.5022e-11 1.0438e-11 1.0767e-11 1.2097e-11 1.5382e-11 1.5226e-11 6.7753e-12 8.7268e-12 8.5501e-12 6.5046e-12 5.0484e-12 3.8564e-12 4.6768e-12 4.5807e-12 3.9399e-12 3.3845e-12 3.3317e-12 2.4686e-12 2.2792e-12 2.2436e-12
1.4387e-11 1.4368e-11 1.4262e-11 1.3152e-11 1.0586e-11 1.1188e-11 1.4484e-11 1.4475e-11 1.0457e-11 1.001e-11 7.2092e-12 1.0287e-11 6.8589e-12 5.5071e-12 4.543e-12 4.3489e-12 4.8811e-12 4.2024e-12 3.951e-12 3.6474e-12 3.8759e-12 2.236e-12 2.5292e-12 2.4167e-12
1.1845e-11 1.145e-11 1.396e-11 1.2801e-11 1.0973e-11 1.1727e-11 1.3119e-11 1.3289e-11 1.2111e-11 1.1112e-11 8.7551e-12 8.8833e-12 5.2774e-12 5.1766e-12 5.5258e-12 5.6594e-12 3.7826e-12 4.0554e-12 3.679e-12 3.7924e-12 2.3793e-12 2.3283e-12 2.8892e-12 3.122e-12
1.4929e-11 1.38e-11 1.2655e-11 1.183e-11 1.359e-11 1.4943e-11 1.0815e-11 1.3822e-11 1.4538e-11 1.032e-11 1.1647e-11 8.686e-12 5.3149e-12 5.2489e-12 6.5569e-12 4.1323e-12 3.8326e-12 3.9533e-12 4.0822e-12 3.0941e-12 3.7004e-12 2.5586e-12 2.3315e-12 2.2809e-12
2.6942e-11 1.6591e-11 1.5219e-11 1.1886e-11 1.5993e-11 1.2899e-11 1.0337e-11 9.588e-12 1.5967e-11 1.5253e-11 6.6476e-12 6.0501e-12 8.6783e-12 8.0887e-12 4.6517e-12 4.3168e-12 4.9055e-12 4.158e-12 4.8251e-12 3.5818e-12 3.3366e-12 2.6652e-12 2.1882e-12 2.0883e-12
2.0398e-11 2.0157e-11 2.617e-11 1.2055e-11 1.3549e-11 1.7719e-11 1.0818e-11 8.7593e-12 6.5662e-12 6.9527e-12 1.7885e-11 1.6633e-11 8.9016e-12 8.5771e-12 4.4181e-12 3.8792e-12 4.2393e-12 5.7923e-12 5.8378e-12 3.553e-12 3.2473e-12 2.7404e-12 2.1254e-12 2.2363e-12
2.6942e-11 1.6591e-11 1.5219e-11 1.1886e-11 1.5993e-11 1.2899e-11 1.0337e-11 9.588e-12 1.5967e-11 1.5253e-11 6.6476e-12 6.0501e-12 8.6783e-12 8.0887e-12 4.6517e-12 4.3168e-12 4.9055e-12 4.158e-12 4.8251e-12 3.5818e-12 3.3366e-12 2.6652e-12 2.1882e-12 2.0883e-12
1.4929e-11 1.38e-11 1.2655e-11 1.183e-11 1.359e-11 1.4943e-11 1.0815e-11 1.3822e-11 1.4538e-11 1.032e-11 1.1647e-11 8.686e-12 5.3149e-12 5.2489e-12 6.5569e-12 4.1323e-12 3.8326e-12 3.9533e-12 4.0822e-12 3.0941e-12 3.7004e-12 2.5586e-12 2.3315e-12 2.2809e-12
1.1602e-11 1.1303e-11 1.2663e-11 1.2376e-11 1.0561e-11 1.1361e-11 1.458e-11 1.5003e-11 1.3665e-11 1.3023e-11 9.5173e-12 8.9959e-12 3.7974e-12 3.7646e-12 5.114e-12 5.2639e-12 4.6608e-12 4.684e-12 3.8545e-12 3.7819e-12 3.5559e-12 3.4148e-12 2.5214e-12 2.578e-12
1.4387e-11 1.4368e-11 1.4262e-11 1.3152e-11 1.0586e-11 1.1188e-11 1.4484e-11 1.4475e-11 1.0457e-11 1.001e-11 7.2092e-12 1.0287e-11 6.8589e-12 5.5071e-12 4.543e-12 4.3489e-12 4.8811e-12 4.2024e-12 3.951e-12 3.6474e-12 3.8759e-12 2.236e-12 2.5292e-12 2.4167e-12
1.8506e-11 1.8165e-11 1.5256e-11 1.2642e-11 1.5022e-11 1.0438e-11 1.0767e-11 1.2097e-11 1.5382e-11 1.5226e-11 6.7753e-12 8.7268e-12 8.5501e-12 6.5046e-12 5.0484e-12 3.8564e-12 4.6768e-12 4.5807e-12 3.9399e-12 3.3845e-12 3.3317e-12 2.4686e-12 2.2792e-12 2.2436e-12
2.6942e-11 1.6591e-11 1.5219e-11 1.1886e-11 1.5993e-11 1.2899e-11 1.0337e-11 9.588e-12 1.5967e-11 1.5253e-11 6.6476e-12 6.0501e-12 8.6783e-12 8.0887e-12 4.6517e-12 4.3168e-12 4.9055e-12 4.158e-12 4.8251e-12 3.5818e-12 3.3366e-12 2.6652e-12 2.1882e-12 2.0883e-12
1.8506e-11 1.8165e-11 1.5256e-11 1.2642e-11 1.5022e-11 1.0438e-11 1.0767e-11 1.2097e-11 1.5382e-11 1.5226e-11 6.7753e-12 8.7268e-12 8.5501e-12 6.5046e-12 5.0484e-12 3.8564e-12 4.6768e-12 4.5807e-12 3.9399e-12 3.3845e-12 3.3317e-12 2.4686e-12 2.2792e-12 2.2436e-12
1.4387e-11 1.4368e-11 1.4262e-11 1.3152e-11 1.0586e-11 1.1188e-11 1.4484e-11 1.4475e-11 1.0457e-11 1.001e-11 7.2092e-12 1.0287e-11 6.8589e-12 5.5071e-12 4.543e-12 4.3489e-12 4.8811e-12 4.2024e-12 3.951e-12 3.6474e-12 3.8759e-12 2.236e-12 2.5292e-12 2.4167e-12
1.1845e-11 1.145e-11 1.396e-11 1.2801e-11 1.0973e-11 1.1727e-11 1.3119e-11 1.3289e-11 1.2111e-11 1.1112e-11 8.7551e-12 8.8833e-12 5.2774e-12 5.1766e-12 5.5258e-12 5.6594e-12 3.7826e-12 4.0554e-12 3.679e-12 3.7924e-12 2.3793e-12 2.3283e-12 2.8892e-12 3.122e-12
1.5346e-11 1.2887e-11 1.1855e-11 1.2983e-11 1.3372e-11 1.269e-11 1.1627e-11 1.1778e-11 6.1897e-12 1.2464e-11 1.1023e-11 7.9127e-12 7.4966e-12 5.5702e-12 5.5297e-12 5.8217e-12 5.7588e-12 4.4142e-12 3.8971e-12 3.9663e-12 2.1188e-12 3.2691e-12 3.0621e-12 3.0126e-12
1.4387e-11 1.4368e-11 1.4262e-11 1.3152e-11 1.0586e-11 1.1188e-11 1.4484e-11 1.4475e-11 1.0457e-11 1.001e-11 7.2092e-12 1.0287e-11 6.8589e-12 5.5071e-12 4.543e-12 4.3489e-12 4.8811e-12 4.2024e-12 3.951e-12 3.6474e-12 3.8759e-12 2.236e-12 2.5292e-12 2.4167e-12
1.4929e-11 1.38e-11 1.2655e-11 1.183e-11 1.359e-11 1.4943e-11 1.0815e-11 1.3822e-11 1.4538e-11 1.032e-11 1.1647e-11 8.686e-12 5.3149e-12 5.2489e-12 6.5569e-12 4.1323e-12 3.8326e-12 3.9533e-12 4.0822e-12 3.0941e-12 3.7004e-12 2.5586e-12 2.3315e-12 2.2809e-12
1.4387e-11 1.4368e-11 1.4262e-11 1.3152e-11 1.0586e-11 1.1188e-11 1.4484e-11 1.4475e-11 1.0457e-11 1.001e-11 7.2092e-12 1.0287e-11 6.8589e-12 5.5071e-12 4.543e-12 4.3489e-12 4.8811e-12 4.2024e-12 3.951e-12 3.6474e-12 3.8759e-12 2.236e-12 2.5292e-12 2.4167e-12
1.5346e-11 1.2887e-11 1.1855e-11 1.2983e-11 1.3372e-11 1.269e-11 1.1627e-11 1.1778e-11 6.1897e-12 1.2464e-11 1.1023e-11 7.9127e-12 7.4966e-12 5.5702e-12 5.5297e-12 5.8217e-12 5.7588e-12 4.4142e-12 3.8971e-12 3.9663e-12 2.1188e-12 3.2691e-12 3.0621e-12 3.0126e-12
1.2998e-11 1.347e-11 1.2971e-11 1.2968e-11 1.1842e-11 1.1686e-11 1.203e-11 1.2181e-11 7.4357e-12 8.1452e-12 7.9873e-12 8.4616e-12 7.0482e-12 7.2031e-12 5.6457e-12 5.5156e-12 4.4918e-12 4.4185e-12 3.8144e-12 3.9018e-12 2.7863e-12 2.6923e-12 3.543e-12 3.5008e-12
1.2998e-11 1.347e-11 1.2971e-11 1.2968e-11 1.1842e-11 1.1686e-11 1.203e-11 1.2181e-11 7.4357e-12 8.1452e-12 7.9873e-12 8.4616e-12 7.0482e-12 7.2031e-12 5.6457e-12 5.5156e-12 4.4918e-12 4.4185e-12 3.8144e-12 3.9018e-12 2.7863e-12 2.6923e-12 3.543e-12 3.5008e-12
1.1845e-11 1.145e-11 1.396e-11 1.2801e-11 1.0973e-11 1.1727e-11 1.3119e-11 1.3289e-11 1.2111e-11 1.1112e-11 8.7551e-12 8.8833e-12 5.2774e-12 5.1766e-12 5.5258e-12 5.6594e-12 3.7826e-12 4.0554e-12 3.679e-12 3.7924e-12 2.3793e-12 2.3283e-12 2.8892e-12 3.122e-12
1.1602e-11 1.1303e-11 1.2663e-11 1.2376e-11 1.0561e-11 1.1361e-11 1.458e-11 1.5003e-11 1.3665e-11 1.3023e-11 9.5173e-12 8.9959e-12 3.7974e-12 3.7646e-12 5.114e-12 5.2639e-12 4.6608e-12 4.684e-12 3.8545e-12 3.7819e-12 3.5559e-12 3.4148e-12 2.5214e-12 2.578e-12
1.1845e-11 1.145e-11 1.396e-11 1.2801e-11 1.0973e-11 1.1727e-11 1.3119e-11 1.3289e-11 1.2111e-11 1.1112e-11 8.7551e-12 8.8833e-12 5.2774e-12 5.1766e-12 5.5258e-12 5.6594e-12 3.7826e-12 4.0554e-12 3.679e-12 3.7924e-12 2.3793e-12 2.3283e-12 2.8892e-12 3.122e-12
1.2998e-11 1.347e-11 1.2971e-11 1.2968e-11 1.1842e-11 1.1686e-11 1.203e-11 1.2181e-11 7.4357e-12 8.1452e-12 7.9873e-12 8.4616e-12 7.0482e-12 7.2031e-12 5.6457e-12 5.5156e-12 4.4918e-12 4.4185e-12 3.8144e-12 3.9018e-12 2.7863e-12 2.6923e-12 3.543e-12 3.5008e-12
1.5955e-11 1.2796e-11 1.2317e-11 1.264e-11 1.2889e-11 1.1946e-11 1.2242e-11 1.322e-11 5.6711e-12 5.9704e-12 4.8353e-12 5.0875e-12 7.579e-12 7.9347e-12 7.1241e-12 8.7711e-12 4.0987e-12 4.0822e-12 3.8803e-12 3.8961e-12 3.9304e-12 3.2155e-12 3.5595e-12 3.8352e-12
1.6119e-11 1.2858e-11 1.2394e-11 1.2381e-11 1.3015e-11 1.3054e-11 1.2975e-11 1.2516e-11 5.9227e-12 1.3103e-11 1.0448e-11 7.6298e-12 7.6669e-12 5.2437e-12 5.7406e-12 5.9797e-12 5.087e-12 3.9492e-12 3.922e-12 4.4699e-12 2.3185e-12 3.2509e-12 3.0426e-12 3.1118e-12
1.6409e-11 1.3061e-11 1.3867e-11 1.3765e-11 1.0906e-11 1.1301e-11 1.3604e-11 1.4743e-11 1.0898e-11 1.0915e-11 7.7689e-12 1.0253e-11 7.0966e-12 5.343e-12 4.2797e-12 4.1866e-12 4.7328e-12 4.2682e-12 3.8377e-12 3.6276e-12 3.9109e-12 2.2744e-12 2.5118e-12 2.4505e-12
1.4791e-11 1.3982e-11 1.2672e-11 1.1261e-11 1.5559e-11 1.384e-11 1.112e-11 1.2537e-11 1.3399e-11 9.872e-12 1.1258e-11 8.2812e-12 4.9111e-12 5.4867e-12 5.5194e-12 4.1802e-12 3.6333e-12 4.3601e-12 3.9631e-12 2.9634e-12 3.5521e-12 2.5081e-12 2.3217e-12 2.3568e-12
1.6409e-11 1.3061e-11 1.3867e-11 1.3765e-11 1.0906e-11 1.1301e-11 1.3604e-11 1.4743e-11 1.0898e-11 1.0915e-11 7.7689e-12 1.0253e-11 7.0966e-12 5.343e-12 4.2797e-12 4.1866e-12 4.7328e-12 4.2682e-12 3.8377e-12 3.6276e-12 3.9109e-12 2.2744e-12 2.5118e-12 2.4505e-12
1.6119e-11 1.2858e-11 1.2394e-11 1.2381e-11 1.3015e-11 1.3054e-11 1.2975e-11 1.2516e-11 5.9227e-12 1.3103e-11 1.0448e-11 7.6298e-12 7.6669e-12 5.2437e-12 5.7406e-12 5.9797e-12 5.087e-12 3.9492e-12 3.922e-12 4.4699e-12 2.3185e-12 3.2509e-12 3.0426e-12 3.1118e-12
1.3212e-11 1.3541e-11 1.1614e-11 1.2662e-11 1.2281e-11 1.3533e-11 1.1837e-11 1.1391e-11 8.381e-12 8.0224e-12 7.2517e-12 7.7779e-12 6.9341e-12 7.0558e-12 5.2278e-12 5.306e-12 4.0568e-12 4.3407e-12 3.9457e-12 3.7006e-12 2.9132e-12 2.7364e-12 3.4394e-12 3.3822e-12
1.6409e-11 1.3061e-11 1.3867e-11 1.3765e-11 1.0906e-11 1.1301e-11 1.3604e-11 1.4743e-11 1.0898e-11 1.0915e-11 7.7689e-12 1.0253e-11 7.0966e-12 5.343e-12 4.2797e-12 4.1866e-12 4.7328e-12 4.2682e-12 3.8377e-12 3.6276e-12 3.9109e-12 2.2744e-12 2.5118e-12 2.4505e-12
2.1612e-11 1.8687e-11 1.4855e-11 1.2652e-11 1.4004e-11 1.1022e-11 1.0605e-11 1.1528e-11 1.5338e-11 1.507e-11 6.199e-12 7.8942e-12 8.0339e-12 6.3529e-12 5.4223e-12 4.1525e-12 4.8188e-12 4.6161e-12 3.8535e-12 3.2922e-12 3.5391e-12 2.5076e-12 2.2674e-12 2.2024e-12
3.3556e-11 1.6864e-11 1.7342e-11 1.5534e-11 1.2427e-11 1.0607e-11 1.2861e-11 9.4376e-12 1.62e-11 1.4998e-11 6.5228e-12 7.4611e-12 7.2329e-12 8.7721e-12 4.5874e-12 4.2858e-12 5.0069e-12 4.1201e-12 4.7223e-12 3.3142e-12 3.1972e-12 2.5666e-12 2.1674e-12 2.1343e-12
2.1612e-11 1.8687e-11 1.4855e-11 1.2652e-11 1.4004e-11 1.1022e-11 1.0605e-11 1.1528e-11 1.5338e-11 1.507e-11 6.199e-12 7.8942e-12 8.0339e-12 6.3529e-12 5.4223e-12 4.1525e-12 4.8188e-12 4.6161e-12 3.8535e-12 3.2922e-12 3.5391e-12 2.5076e-12 2.2674e-12 2.2024e-12
1.6409e-11 1.3061e-11 1.3867e-11 1.3765e-11 1.0906e-11 1.1301e-11 1.3604e-11 1.4743e-11 1.0898e-11 1.0915e-11 7.7689e-12 1.0253e-11 7.0966e-12 5.343e-12 4.2797e-12 4.1866e-12 4.7328e-12 4.2682e-12 3.8377e-12 3.6276e-12 3.9109e-12 2.2744e-12 2.5118e-12 2.4505e-12
1.172e-11 1.1397e-11 1.2552e-11 1.304e-11 1.2426e-11 1.2038e-11 1.3729e-11 1.3908e-11 1.1125e-11 1.1596e-11 9.1585e-12 9.3911e-12 5.624e-12 5.4997e-12 5.4885e-12 5.5832e-12 3.741e-12 3.7338e-12 3.7297e-12 3.7856e-12 2.3722e-12 2.296e-12 3.067e-12 3.1228e-12
1.4791e-11 1.3982e-11 1.2672e-11 1.1261e-11 1.5559e-11 1.384e-11 1.112e-11 1.2537e-11 1.3399e-11 9.872e-12 1.1258e-11 8.2812e-12 4.9111e-12 5.4867e-12 5.5194e-12 4.1802e-12 3.6333e-12 4.3601e-12 3.9631e-12 2.9634e-12 3.5521e-12 2.5081e-12 2.3217e-12 2.3568e-12
3.3556e-11 1.6864e-11 1.7342e-11 1.5534e-11 1.2427e-11 1.0607e-11 1.2861e-11 9.4376e-12 1.62e-11 1.4998e-11 6.5228e-12 7.4611e-12 7.2329e-12 8.7721e-12 4.5874e-12 4.2858e-12 5.0069e-12 4.1201e-12 4.7223e-12 3.3142e-12 3.1972e-12 2.5666e-12 2.1674e-12 2.1343e-12
3.0023e-11 3.282e-11 3.6208e-11 1.2982e-11 1.3373e-11 1.5569e-11 9.5677e-12 9.5e-12 6.1202e-12 6.6591e-12 1.6525e-11 1.601e-11 8.8999e-12 7.7471e-12 4.3971e-12 4.1754e-12 3.8873e-12 5.1428e-12 5.6522e-12 3.1429e-12 3.3619e-12 2.5843e-12 2.124e-12 2.2732e-12
3.3556e-11 1.6864e-11 1.7342e-11 1.5534e-11 1.2427e-11 1.0607e-11 1.2861e-11 9.4376e-12 1.62e-11 1.4998e-11 6.5228e-12 7.4611e-12 7.2329e-12 8.7721e-12 4.5874e-12 4.2858e-12 5.0069e-12 4.1201e-12 4.7223e-12 3.3142e-12 3.1972e-12 2.5666e-12 2.1674e-12 2.1343e-12
1.4791e-11 1.3982e-11 1.2672e-11 1.1261e-11 1.5559e-11 1.384e-11 1.112e-11 1.2537e-11 1.3399e-11 9.872e-12 1.1258e-11 8.2812e-12 4.9111e-12 5.4867e-12 5.5194e-12 4.1802e-12 3.6333e-12 4.3601e-12 3.9631e-12 2.9634e-12 3.5521e-12 2.5081e-12 2.3217e-12 2.3568e-12
1.2678e-11 1.1357e-11 1.2926e-11 1.209e-11 1.2364e-11 1.1131e-11 1.3189e-11 1.3934e-11 1.3725e-11 1.3511e-11 9.0345e-12 8.9148e-12 4.1129e-12 4.3538e-12 5.0559e-12 5.2905e-12 4.423e-12 4.2491e-12 3.4022e-12 3.7911e-12 3.5798e-12 3.4965e-12 2.6255e-12 2.5138e-12
1.6409e-11 1.3061e-11 1.3867e-11 1.3765e-11 1.0906e-11 1.1301e-11 1.3604e-11 1.4743e-11 1.0898e-11 1.0915e-11 7.7689e-12 1.0253e-11 7.0966e-12 5.343e-12 4.2797e-12 4.1866e-12 4.7328e-12 4.2682e-12 3.8377e-12 3.6276e-12 3.9109e-12 2.2744e-12 2.5118e-12 2.4505e-12
2.1612e-11 1.8687e-11 1.4855e-11 1.2652e-11 1.4004e-11 1.1022e-11 1.0605e-11 1.1528e-11 1.5338e-11 1.507e-11 6.199e-12 7.8942e-12 8.0339e-12 6.3529e-12 5.4223e-12 4.1525e-12 4.8188e-12 4.6161e-12 3.8535e-12 3.2922e-12 3.5391e-12 2.5076e-12 2.2674e-12 2.2024e-12
3.3556e-11 1.6864e-11 1.7342e-11 1.5534e-11 1.2427e-11 1.0607e-11 1.2861e-11 9.4376e-12 1.62e-11 1.4998e-11 6.5228e-12 7.4611e-12 7.2329e-12 8.7721e-12 4.5874e-12 4.2858e-12 5.0069e-12 4.1201e-12 4.7223e-12 3.3142e-12 3.1972e-12 2.5666e-12 2.1674e-12 2.1343e-12
2.1612e-11 1.8687e-11 1.4855e-11 1.2652e-11 1.4004e-11 1.1022e-11 1.0605e-11 1.1528e-11 1.5338e-11 1.507e-11 6.199e-12 7.8942e-12 8.0339e-12 6.3529e-12 5.4223e-12 4.1525e-12 4.8188e-12 4.6161e-12 3.8535e-12 3.2922e-12 3.5391e-12 2.5076e-12 2.2674e-12 2.2024e-12
1.6409e-11 1.3061e-11 1.3867e-11 1.3765e-11 1.0906e-11 1.1301e-11 1.3604e-11 1.4743e-11 1.0898e-11 1.0915e-11 7.7689e-12 1.0253e-11 7.0966e-12 5.343e-12 4.2797e-12 4.1866e-12 4.7328e-12 4.2682e-12 3.8377e-12 3.6276e-12 3.9109e-12 2.2744e-12 2.5118e-12 2.4505e-12
1.172e-11 1.1397e-11 1.2552e-11 1.304e-11 1.2426e-11 1.2038e-11 1.3729e-11 1.3908e-11 1.1125e-11 1.1596e-11 9.1585e-12 9.3911e-12 5.624e-12 5.4997e-12 5.4885e-12 5.5832e-12 3.741e-12 3.7338e-12 3.7297e-12 3.7856e-12 2.3722e-12 2.296e-12 3.067e-12 3.1228e-12
1.6119e-11 1.2858e-11 1.2394e-11 1.2381e-11 1.3015e-11 1.3054e-11 1.2975e-11 1.2516e-11 5.9227e-12 1.3103e-11 1.0448e-11 7.6298e-12 7.6669e-12 5.2437e-12 5.7406e-12 5.9797e-12 5.087e-12 3.9492e-12 3.922e-12 4.4699e-12 2.3185e-12 3.2509e-12 3.0426e-12 3.1118e-12
1.6409e-11 1.3061e-11 1.3867e-11 1.3765e-11 1.0906e-11 1.1301e-11 1.3604e-11 1.4743e-11 1.0898e-11 1.0915e-11 7.7689e-12 1.0253e-11 7.0966e-12 5.343e-12 4.2797e-12 4.1866e-12 4.7328e-12 4.2682e-12 3.8377e-12 3.6276e-12 3.9109e-12 2.2744e-12 2.5118e-12 2.4505e-12
1.4791e-11 1.3982e-11 1.2672e-11 1.1261e-11 1.5559e-11 1.384e-11 1.112e-11 1.2537e-11 1.3399e-11 9.872e-12 1.1258e-11 8.2812e-12 4.9111e-12 5.4867e-12 5.5194e-12 4.1802e-12 3.6333e-12 4.3601e-12 3.9631e-12 2.9634e-12 3.5521e-12 2.5081e-12 2.3217e-12 2.3568e-12
1.6409e-11 1.3061e-11 1.3867e-11 1.3765e-11 1.0906e-11 1.1301e-11 1.3604e-11 1.4743e-11 1.0898e-11 1.0915e-11 7.7689e-12 1.0253e-11 7.0966e-12 5.343e-12 4.2797e-12 4.1866e-12 4.7328e-12 4.2682e-12 3.8377e-12 3.6276e-12 3.9109e-12 2.2744e-12 2.5118e-12 2.4505e-12
1.6119e-11 1.2858e-11 1.2394e-11 1.2381e-11 1.3015e-11 1.3054e-11 1.2975e-11 1.2516e-11 5.9227e-12 1.3103e-11 1.0448e-11 7.6298e-12 7.6669e-12 5.2437e-12 5.7406e-12 5.9797e-12 5.087e-12 3.9492e-12 3.922e-12 4.4699e-12 2.3185e-12 3.2509e-12 3.0426e-12 3.1118e-12
1.3212e-11 1.3541e-11 1.1614e-11 1.2662e-11 1.2281e-11 1.3533e-11 1.1837e-11 1.1391e-11 8.381e-12 8.0224e-12 7.2517e-12 7.7779e-12 6.9341e-12 7.0558e-12 5.2278e-12 5.306e-12 4.0568e-12 4.3407e-12 3.9457e-12 3.7006e-12 2.9132e-12 2.7364e-12 3.4394e-12 3.3822e-12
1.3212e-11 1.3541e-11 1.1614e-11 1.2662e-11 1.2281e-11 1.3533e-11 1.1837e-11 1.1391e-11 8.381e-12 8.0224e-12 7.2517e-12 7.7779e-12 6.9341e-12 7.0558e-12 5.2278e-12 5.306e-12 4.0568e-12 4.3407e-12 3.9457e-12 3.7006e-12 2.9132e-12 2.7364e-12 3.4394e-12 3.3822e-12
1.172e-11 1.1397e-11 1.2552e-11 1.304e-11 1.2426e-11 1.2038e-11 1.3729e-11 1.3908e-11 1.1125e-11 1.1596e-11 9.1585e-12 9.3911e-12 5.624e-12 5.4997e-12 5.4885e-12 5.5832e-12 3.741e-12 3.7338e-12 3.7297e-12 3.7856e-12 2.3722e-12 2.296e-12 3.067e-12 3.1228e-12
1.2678e-11 1.1357e-11 1.2926e-11 1.209e-11 1.2364e-11 1.1131e-11 1.3189e-11 1.3934e-11 1.3725e-11 1.3511e-11 9.0345e-12 8.9148e-12 4.1129e-12 4.3538e-12 5.0559e-12 5.2905e-12 4.423e-12 4.2491e-12 3.4022e-12 3.7911e-12 3.5798e-12 3.4965e-12 2.6255e-12 2.5138e-12
1.172e-11 1.1397e-11 1.2552e-11 1.304e-11 1.2426e-11 1.2038e-11 1.3729e-11 1.3908e-11 1.1125e-11 1.1596e-11 9.1585e-12 9.3911e-12 5.624e-12 5.4997e-12 5.4885e-12 5.5832e-12 3.741e-12 3.7338e-12 3.7297e-12 3.7856e-12 2.3722e-12 2.296e-12 3.067e-12 3.1228e-12
1.3212e-11 1.3541e-11 1.1614e-11 1.2662e-11 1.2281e-11 1.3533e-11 1.1837e-11 1.1391e-11 8.381e-12 8.0224e-12 7.2517e-12 7.7779e-12 6.9341e-12 7.0558e-12 5.2278e-12 5.306e-12 4.0568e-12 4.3407e-12 3.9457e-12 3.7006e-12 2.9132e-12 2.7364e-12 3.4394e-12 3.3822e-12
1.2689e-11 1.2698e-11 1.3179e-11 1.3303e-11 1.2148e-11 1.3323e-11 1.1005e-11 1.1246e-11 5.4177e-12 5.6614e-12 5.366e-12 5.5367e-12 7.4929e-12 7.3277e-12 7.7122e-12 8.0324e-12 3.9046e-12 3.7648e-12 4.1056e-12 3.7412e-12 3.5595e-12 3.6526e-12 3.4082e-12 3.1827e-12
1.5951e-11 1.3055e-11 1.3176e-11 1.2286e-11 1.2763e-11 1.2781e-11 1.348e-11 1.3299e-11 5.7477e-12 1.1998e-11 1.1558e-11 7.5415e-12 7.5272e-12 5.1375e-12 5.517e-12 5.5155e-12 4.9945e-12 3.8081e-12 3.8927e-12 4.2296e-12 2.3721e-12 3.3858e-12 3.0438e-12 3.0054e-12
1.5976e-11 1.1997e-11 1.2849e-11 1.4324e-11 1.0372e-11 1.1172e-11 1.2387e-11 1.13e-11 1.5017e-11 1.0864e-11 7.2798e-12 9.9531e-12 6.9684e-12 4.9183e-12 4.3662e-12 4.1429e-12 4.5843e-12 4.6141e-12 3.6961e-12 3.6138e-12 4.05e-12 2.3612e-12 2.5395e-12 2.4334e-12
1.5293e-11 1.3849e-11 1.3479e-11 1.0956e-11 1.5331e-11 1.1821e-11 1.3983e-11 1.224e-11 1.0589e-11 1.4072e-11 1.1572e-11 8.1229e-12 5.8534e-12 4.2826e-12 4.994e-12 4.563e-12 3.5946e-12 4.1564e-12 3.9129e-12 3.0588e-12 3.7982e-12 2.4631e-12 2.3534e-12 2.4855e-12
1.5976e-11 1.1997e-11 1.2849e-11 1.4324e-11 1.0372e-11 1.1172e-11 1.2387e-11 1.13e-11 1.5017e-11 1.0864e-11 7.2798e-12 9.9531e-12 6.9684e-12 4.9183e-12 4.3662e-12 4.1429e-12 4.5843e-12 4.6141e-12 3.6961e-12 3.6138e-12 4.05e-12 2.3612e-12 2.5395e-12 2.4334e-12
1.5951e-11 1.3055e-11 1.3176e-11 1.2286e-11 1.2763e-11 1.2781e-11 1.348e-11 1.3299e-11 5.7477e-12 1.1998e-11 1.1558e-11 7.5415e-12 7.5272e-12 5.1375e-12 5.517e-12 5.5155e-12 4.9945e-12 3.8081e-12 3.8927e-12 4.2296e-12 2.3721e-12 3.3858e-12 3.0438e-12 3.0054e-12
1.276e-11 1.3562e-11 1.259e-11 1.2249e-11 1.269e-11 1.2981e-11 1.2024e-11 1.1815e-11 8.6922e-12 9.1292e-12 6.9503e-12 6.7567e-12 6.941e-12 6.8014e-12 5.5572e-12 5.3304e-12 3.7968e-12 3.6672e-12 3.5922e-12 3.6598e-12 2.8488e-12 2.8943e-12 3.4909e-12 3.5292e-12
1.5976e-11 1.1997e-11 1.2849e-11 1.4324e-11 1.0372e-11 1.1172e-11 1.2387e-11 1.13e-11 1.5017e-11 1.0864e-11 7.2798e-12 9.9531e-12 6.9684e-12 4.9183e-12 4.3662e-12 4.1429e-12 4.5843e-12 4.6141e-12 3.6961e-12 3.6138e-12 4.05e-12 2.3612e-12 2.5395e-12 2.4334e-12
2.6292e-11 1.7039e-11 1.4329e-11 1.3919e-11 1.4254e-11 1.1365e-11 1.0891e-11 1.2837e-11 6.5815e-12 1.3994e-11 1.53e-11 7.7278e-12 8.4702e-12 6.0045e-12 5.3868e-12 4.0092e-12 4.7968e-12 4.8623e-12 3.5746e-12 3.4494e-12 3.5097e-12 2.478e-12 2.245e-12 2.3853e-12
3.4008e-11 1.9305e-11 2.0018e-11 1.3782e-11 1.4002e-11 9.6822e-12 1.0492e-11 9.9918e-12 1.4369e-11 1.4869e-11 6.1557e-12 7.2909e-12 7.1773e-12 8.3873e-12 4.843e-12 4.3757e-12 5.3768e-12 4.286e-12 4.9271e-12 3.4235e-12 3.0519e-12 2.5831e-12 2.2972e-12 2.1508e-12
2.6292e-11 1.7039e-11 1.4329e-11 1.3919e-11 1.4254e-11 1.1365e-11 1.0891e-11 1.2837e-11 6.5815e-12 1.3994e-11 1.53e-11 7.7278e-12 8.4702e-12 6.0045e-12 5.3868e-12 4.0092e-12 4.7968e-12 4.8623e-12 3.5746e-12 3.4494e-12 3.5097e-12 2.478e-12 2.245e-12 2.3853e-12
1.5976e-11 1.1997e-11 1.2849e-11 1.4324e-11 1.0372e-11 1.1172e-11 1.2387e-11 1.13e-11 1.5017e-11 1.0864e-11 7.2798e-12 9.9531e-12 6.9684e-12 4.9183e-12 4.3662e-12 4.1429e-12 4.5843e-12 4.6141e-12 3.6961e-12 3.6138e-12 4.05e-12 2.3612e-12 2.5395e-12 2.4334e-12
1.248e-11 1.1952e-11 1.3768e-11 1.396e-11 1.1107e-11 1.1368e-11 1.3791e-11 1.3301e-11 1.1884e-11 1.0707e-11 9.1058e-12 9.3025e-12 5.9112e-12 5.9807e-12 5.6829e-12 5.3916e-12 3.4926e-12 3.6042e-12 3.467e-12 3.6672e-12 2.2828e-12 2.4089e-12 3.1196e-12 3.0136e-12
1.5293e-11 1.3849e-11 1.3479e-11 1.0956e-11 1.5331e-11 1.1821e-11 1.3983e-11 1.224e-11 1.0589e-11 1.4072e-11 1.1572e-11 8.1229e-12 5.8534e-12 4.2826e-12 4.994e-12 4.563e-12 3.5946e-12 4.1564e-12 3.9129e-12 3.0588e-12 3.7982e-12 2.4631e-12 2.3534e-12 2.4855e-12
3.4008e-11 1.9305e-11 2.0018e-11 1.3782e-11 1.4002e-11 9.6822e-12 1.0492e-11 9.9918e-12 1.4369e-11 1.4869e-11 6.1557e-12 7.2909e-12 7.1773e-12 8.3873e-12 4.843e-12 4.3757e-12 5.3768e-12 4.286e-12 4.9271e-12 3.4235e-12 3.0519e-12 2.5831e-12 2.2972e-12 2.1508e-12
4.5418e-11 4.7534e-11 7.7086e-11 1.3007e-11 1.4648e-11 9.5951e-12 9.4481e-12 1.0465e-11 6.6277e-12 5.9181e-12 1.6746e-11 1.6414e-11 8.3206e-12 8.4277e-12 4.6746e-12 3.9323e-12 3.8135e-12 4.9844e-12 5.764e-12 2.955e-12 3.1581e-12 2.47e-12 2.208e-12 2.1645e-12
3.4008e-11 1.9305e-11 2.0018e-11 1.3782e-11 1.4002e-11 9.6822e-12 1.0492e-11 9.9918e-12 1.4369e-11 1.4869e-11 6.1557e-12 7.2909e-12 7.1773e-12 8.3873e-12 4.843e-12 4.3757e-12 5.3768e-12 4.286e-12 4.9271e-12 3.4235e-12 3.0519e-12 2.5831e-12 2.2972e-12 2.1508e-12
1.5293e-11 1.3849e-11 1.3479e-11 1.0956e-11 1.5331e-11 1.1821e-11 1.3983e-11 1.224e-11 1.0589e-11 1.4072e-11 1.1572e-11 8.1229e-12 5.8534e-12 4.2826e-12 4.994e-12 4.563e-12 3.5946e-12 4.1564e-12 3.9129e-12 3.0588e-12 3.7982e-12 2.4631e-12 2.3534e-12 2.4855e-12
1.2e-11 1.1894e-11 1.2941e-11 1.2446e-11 1.1232e-11 1.1799e-11 1.1769e-11 1.3861e-11 1.4573e-11 1.53e-11 9.4359e-12 8.7505e-12 4.3903e-12 4.6343e-12 5.1142e-12 5.5157e-12 3.9254e-12 4.0269e-12 3.6092e-12 3.7017e-12 3.2554e-12 3.6453e-12 2.5735e-12 2.4762e-12
1.5976e-11 1.1997e-11 1.2849e-11 1.4324e-11 1.0372e-11 1.1172e-11 1.2387e-11 1.13e-11 1.5017e-11 1.0864e-11 7.2798e-12 9.9531e-12 6.9684e-12 4.9183e-12 4.3662e-12 4.1429e-12 4.5843e-12 4.6141e-12 3.6961e-12 3.6138e-12 4.05e-12 2.3612e-12 2.5395e-12 2.4334e-12
2.6292e-11 1.7039e-11 1.4329e-11 1.3919e-11 1.4254e-11 1.1365e-11 1.0891e-11 1.2837e-11 6.5815e-12 1.3994e-11 1.53e-11 7.7278e-12 8.4702e-12 6.0045e-12 5.3868e-12 4.0092e-12 4.7968e-12 4.8623e-12 3.5746e-12 3.4494e-12 3.5097e-12 2.478e-12 2.245e-12 2.3853e-12
3.4008e-11 1.9305e-11 2.0018e-11 1.3782e-11 1.4002e-11 9.6822e-12 1.0492e-11 9.9918e-12 1.4369e-11 1.4869e-11 6.1557e-12 7.2909e-12 7.1773e-12 8.3873e-12 4.843e-12 4.3757e-12 5.3768e-12 4.286e-12 4.9271e-12 3.4235e-12 3.0519e-12 2.5831e-12 2.2972e-12 2.1508e-12
2.6292e-11 1.7039e-11 1.4329e-11 1.3919e-11 1.4254e-11 1.1365e-11 1.0891e-11 1.2837e-11 6.5815e-12 1.3994e-11 1.53e-11 7.7278e-12 8.4702e-12 6.0045e-12 5.3868e-12 4.0092e-12 4.7968e-12 4.8623e-12 3.5746e-12 3.4494e-12 3.5097e-12 2.478e-12 2.245e-12 2.3853e-12
1.5976e-11 1.1997e-11 1.2849e-11 1.4324e-11 1.0372e-11 1.1172e-11 1.2387e-11 1.13e-11 1.5017e-11 1.0864e-11 7.2798e-12 9.9531e-12 6.9684e-12 4.9183e-12 4.3662e-12 4.1429e-12 4.5843e-12 4.6141e-12 3.6961e-12 3.6138e-12 4.05e-12 2.3612e-12 2.5395e-12 2.4334e-12
1.248e-11 1.1952e-11 1.3768e-11 1.396e-11 1.1107e-11 1.1368e-11 1.3791e-11 1.3301e-11 1.1884e-11 1.0707e-11 9.1058e-12 9.3025e-12 5.9112e-12 5.9807e-12 5.6829e-12 5.3916e-12 3.4926e-12 3.6042e-12 3.467e-12 3.6672e-12 2.2828e-12 2.4089e-12 3.1196e-12 3.0136e-12
1.5951e-11 1.3055e-11 1.3176e-11 1.2286e-11 1.2763e-11 1.2781e-11 1.348e-11 1.3299e-11 5.7477e-12 1.1998e-11 1.1558e-11 7.5415e-12 7.5272e-12 5.1375e-12 5.517e-12 5.5155e-12 4.9945e-12 3.8081e-12 3.8927e-12 4.2296e-12 2.3721e-12 3.3858e-12 3.0438e-12 3.0054e-12
1.5976e-11 1.1997e-11 1.2849e-11 1.4324e-11 1.0372e-11 1.1172e-11 1.2387e-11 1.13e-11 1.5017e-11 1.0864e-11 7.2798e-12 9.9531e-12 6.9684e-12 4.9183e-12 4.3662e-12 4.1429e-12 4.5843e-12 4.6141e-12 3.6961e-12 3.6138e-12 4.05e-12 2.3612e-12 2.5395e-12 2.4334e-12
1.5293e-11 1.3849e-11 1.3479e-11 1.0956e-11 1.5331e-11 1.1821e-11 1.3983e-11 1.224e-11 1.0589e-11 1.4072e-11 1.1572e-11 8.1229e-12 5.8534e-12 4.2826e-12 4.994e-12 4.563e-12 3.5946e-12 4.1564e-12 3.9129e-12 3.0588e-12 3.7982e-12 2.4631e-12 2.3534e-12 2.4855e-12
1.5976e-11 1.1997e-11 1.2849e-11 1.4324e-11 1.0372e-11 1.1172e-11 1.2387e-11 1.13e-11 1.5017e-11 1.0864e-11 7.2798e-12 9.9531e-12 6.9684e-12 4.9183e-12 4.3662e-12 4.1429e-12 4.5843e-12 4.6141e-12 3.6961e-12 3.6138e-12 4.05e-12 2.3612e-12 2.5395e-12 2.4334e-12
1.5951e-11 1.3055e-11 1.3176e-11 1.2286e-11 1.2763e-11 1.2781e-11 1.348e-11 1.3299e-11 5.7477e-12 1.1998e-11 1.1558e-11 7.5415e-12 7.5272e-12 5.1375e-12 5.517e-12 5.5155e-12 4.9945e-12 3.8081e-12 3.8927e-12 4.2296e-12 2.3721e-12 3.3858e-12 3.0438e-12 3.0054e-12
1.276e-11 1.3562e-11 1.259e-11 1.2249e-11 1.269e-11 1.2981e-11 1.2024e-11 1.1815e-11 8.6922e-12 9.1292e-12 6.9503e-12 6.7567e-12 6.941e-12 6.8014e-12 5.5572e-12 5.3304e-12 3.7968e-12 3.6672e-12 3.5922e-12 3.6598e-12 2.8488e-12 2.8943e-12 3.4909e-12 3.5292e-12
1.276e-11 1.3562e-11 1.259e-11 1.2249e-11 1.269e-11 1.2981e-11 1.2024e-11 1.1815e-11 8.6922e-12 9.1292e-12 6.9503e-12 6.7567e-12 6.941e-12 6.8014e-12 5.5572e-12 5.3304e-12 3.7968e-12 3.6672e-12 3.5922e-12 3.6598e-12 2.8488e-12 2.8943e-12 3.4909e-12 3.5292e-12
1.248e-11 1.1952e-11 1.3768e-11 1.396e-11 1.1107e-11 1.1368e-11 1.3791e-11 1.3301e-11 1.1884e-11 1.0707e-11 9.1058e-12 9.3025e-12 5.9112e-12 5.9807e-12 5.6829e-12 5.3916e-12 3.4926e-12 3.6042e-12 3.467e-12 3.6672e-12 2.2828e-12 2.4089e-12 3.1196e-12 3.0136e-12
1.2e-11 1.1894e-11 1.2941e-11 1.2446e-11 1.1232e-11 1.1799e-11 1.1769e-11 1.3861e-11 1.4573e-11 1.53e-11 9.4359e-12 8.7505e-12 4.3903e-12 4.6343e-12 5.1142e-12 5.5157e-12 3.9254e-12 4.0269e-12 3.6092e-12 3.7017e-12 3.2554e-12 3.6453e-12 2.5735e-12 2.4762e-12
1.248e-11 1.1952e-11 1.3768e-11 1.396e-11 1.1107e-11 1.1368e-11 1.3791e-11 1.3301e-11 1.1884e-11 1.0707e-11 9.1058e-12 9.3025e-12 5.9112e-12 5.9807e-12 5.6829e-12 5.3916e-12 3.4926e-12 3.6042e-12 3.467e-12 3.6672e-12 2.2828e-12 2.4089e-12 3.1196e-12 3.0136e-12
1.276e-11 1.3562e-11 1.259e-11 1.2249e-11 1.269e-11 1.2981e-11 1.2024e-11 1.1815e-11 8.6922e-12 9.1292e-12 6.9503e-12 6.7567e-12 6.941e-12 6.8014e-12 5.5572e-12 5.3304e-12 3.7968e-12 3.6672e-12 3.5922e-12 3.6598e-12 2.8488e-12 2.8943e-12 3.4909e-12 3.5292e-12
1.3219e-11 1.3713e-11 1.3122e-11 1.4696e-11 1.1877e-11 1.2191e-11 1.2454e-11 1.213e-11 6.0166e-12 5.1245e-12 6.102e-12 5.5476e-12 8.4479e-12 7.4229e-12 7.6814e-12 7.5049e-12 3.8217e-12 3.784e-12 3.4835e-12 3.87e-12 3.1487e-12 3.4607e-12 3.1984e-12 3.2529e-12
1.5842e-11 1.0702e-11 1.2351e-11 1.2962e-11 1.2645e-11 1.1995e-11 1.3567e-11 1.2969e-11 1.0919e-11 5.6944e-12 1.0745e-11 7.4109e-12 7.5985e-12 5.2542e-12 5.3679e-12 5.372e-12 4.6666e-12 3.8586e-12 3.792e-12 4.2198e-12 2.1053e-12 3.4752e-12 2.9243e-12 3.1483e-12
1.6868e-11 1.1165e-11 1.38e-11 1.3881e-11 1.0747e-11 1.1878e-11 1.2804e-11 1.2083e-11 1.5956e-11 1.1323e-11 6.8753e-12 9.8748e-12 6.7579e-12 5.1529e-12 4.1341e-12 3.9757e-12 4.1232e-12 4.6705e-12 3.8334e-12 3.7188e-12 3.9868e-12 2.3248e-12 2.5913e-12 2.5104e-12
1.4204e-11 1.2754e-11 1.6146e-11 1.3717e-11 1.1593e-11 1.1938e-11 1.5722e-11 1.2316e-11 1.3342e-11 1.3429e-11 1.1173e-11 7.8591e-12 5.9335e-12 4.2838e-12 4.6493e-12 4.7181e-12 4.3144e-12 3.5824e-12 3.101e-12 3.7559e-12 3.6732e-12 2.4845e-12 2.3496e-12 2.3836e-12
1.6868e-11 1.1165e-11 1.38e-11 1.3881e-11 1.0747e-11 1.1878e-11 1.2804e-11 1.2083e-11 1.5956e-11 1.1323e-11 6.8753e-12 9.8748e-12 6.7579e-12 5.1529e-12 4.1341e-12 3.9757e-12 4.1232e-12 4.6705e-12 3.8334e-12 3.7188e-12 3.9868e-12 2.3248e-12 2.5913e-12 2.5104e-12
1.5842e-11 1.0702e-11 1.2351e-11 1.2962e-11 1.2645e-11 1.1995e-11 1.3567e-11 1.2969e-11 1.0919e-11 5.6944e-12 1.0745e-11 7.4109e-12 7.5985e-12 5.2542e-12 5.3679e-12 5.372e-12 4.6666e-12 3.8586e-12 3.792e-12 4.2198e-12 2.1053e-12 3.4752e-12 2.9243e-12 3.1483e-12
1.3009e-11 1.2763e-11 1.2623e-11 1.2171e-11 1.2605e-11 1.2288e-11 1.1644e-11 1.1647e-11 9.229e-12 9.0146e-12 6.2675e-12 6.401e-12 6.6468e-12 6.6472e-12 5.2488e-12 5.2917e-12 3.4904e-12 3.4297e-12 3.4213e-12 3.5095e-12 2.7685e-12 2.8098e-12 3.4825e-12 3.396e-12
1.6868e-11 1.1165e-11 1.38e-11 1.3881e-11 1.0747e-11 1.1878e-11 1.2804e-11 1.2083e-11 1.5956e-11 1.1323e-11 6.8753e-12 9.8748e-12 6.7579e-12 5.1529e-12 4.1341e-12 3.9757e-12 4.1232e-12 4.6705e-12 3.8334e-12 3.7188e-12 3.9868e-12 2.3248e-12 2.5913e-12 2.5104e-12
3.3617e-11 1.5669e-11 1.5819e-11 1.3487e-11 1.4299e-11 1.1024e-11 1.1236e-11 1.3181e-11 6.1786e-12 1.4688e-11 1.4738e-11 7.6382e-12 7.786e-12 5.2806e-12 5.957e-12 4.0338e-12 5.1475e-12 4.9531e-12 3.5433e-12 3.3602e-12 3.4173e-12 2.4661e-12 2.2255e-12 2.2547e-12
3.0007e-11 2.3874e-11 2.5883e-11 1.3335e-11 1.2413e-11 1.0185e-11 1.0067e-11 1.0444e-11 1.417e-11 1.3889e-11 5.7669e-12 7.7137e-12 7.6548e-12 8.4203e-12 4.6468e-12 4.3683e-12 4.2909e-12 4.8579e-12 4.9924e-12 3.2828e-12 3.1267e-12 2.4686e-12 2.1884e-12 2.1486e-12
3.3617e-11 1.5669e-11 1.5819e-11 1.3487e-11 1.4299e-11 1.1024e-11 1.1236e-11 1.3181e-11 6.1786e-12 1.4688e-11 1.4738e-11 7.6382e-12 7.786e-12 5.2806e-12 5.957e-12 4.0338e-12 5.1475e-12 4.9531e-12 3.5433e-12 3.3602e-12 3.4173e-12 2.4661e-12 2.2255e-12 2.2547e-12
1.6868e-11 1.1165e-11 1.38e-11 1.3881e-11 1.0747e-11 1.1878e-11 1.2804e-11 1.2083e-11 1.5956e-11 1.1323e-11 6.8753e-12 9.8748e-12 6.7579e-12 5.1529e-12 4.1341e-12 3.9757e-12 4.1232e-12 4.6705e-12 3.8334e-12 3.7188e-12 3.9868e-12 2.3248e-12 2.5913e-12 2.5104e-12
1.2734e-11 1.14e-11 1.1899e-11 1.316e-11 1.1769e-11 1.1648e-11 1.3149e-11 1.2985e-11 1.1353e-11 1.0972e-11 8.4844e-12 9.1867e-12 6.0476e-12 5.7887e-12 5.6315e-12 5.3005e-12 3.6716e-12 3.585e-12 3.3918e-12 3.4221e-12 2.3412e-12 2.3591e-12 3.2312e-12 3.2138e-12
1.4204e-11 1.2754e-11 1.6146e-11 1.3717e-11 1.1593e-11 1.1938e-11 1.5722e-11 1.2316e-11 1.3342e-11 1.3429e-11 1.1173e-11 7.8591e-12 5.9335e-12 4.2838e-12 4.6493e-12 4.7181e-12 4.3144e-12 3.5824e-12 3.101e-12 3.7559e-12 3.6732e-12 2.4845e-12 2.3496e-12 2.3836e-12
3.0007e-11 2.3874e-11 2.5883e-11 1.3335e-11 1.2413e-11 1.0185e-11 1.0067e-11 1.0444e-11 1.417e-11 1.3889e-11 5.7669e-12 7.7137e-12 7.6548e-12 8.4203e-12 4.6468e-12 4.3683e-12 4.2909e-12 4.8579e-12 4.9924e-12 3.2828e-12 3.1267e-12 2.4686e-12 2.1884e-12 2.1486e-12
1.6129e-10 1.6257e-10 1.7545e-10 1.5116e-11 1.3158e-11 9.0527e-12 8.7612e-12 5.5151e-12 5.5162e-12 1.4543e-11 1.7459e-11 1.6537e-11 7.9216e-12 7.9195e-12 4.6812e-12 3.765e-12 3.9162e-12 4.4124e-12 4.9034e-12 2.9598e-12 2.7056e-12 2.2769e-12 2.1507e-12 2.2585e-12
3.0007e-11 2.3874e-11 2.5883e-11 1.3335e-11 1.2413e-11 1.0185e-11 1.0067e-11 1.0444e-11 1.417e-11 1.3889e-11 5.7669e-12 7.7137e-12 7.6548e-12 8.4203e-12 4.6468e-12 4.3683e-12 4.2909e-12 4.8579e-12 4.9924e-12 3.2828e-12 3.1267e-12 2.4686e-12 2.1884e-12 2.1486e-12
1.4204e-11 1.2754e-11 1.6146e-11 1.3717e-11 1.1593e-11 1.1938e-11 1.5722e-11 1.2316e-11 1.3342e-11 1.3429e-11 1.1173e-11 7.8591e-12 5.9335e-12 4.2838e-12 4.6493e-12 4.7181e-12 4.3144e-12 3.5824e-12 3.101e-12 3.7559e-12 3.6732e-12 2.4845e-12 2.3496e-12 2.3836e-12
1.1961e-11 1.2052e-11 1.3384e-11 1.3363e-11 1.2105e-11 1.2822e-11 1.1711e-11 1.1982e-11 1.4699e-11 1.4789e-11 1.0831e-11 1.0763e-11 4.3673e-12 4.4699e-12 5.6631e-12 5.68e-12 4.0122e-12 3.8154e-12 3.9294e-12 3.6378e-12 3.385e-12 3.3769e-12 2.5396e-12 2.4404e-12
1.6868e-11 1.1165e-11 1.38e-11 1.3881e-11 1.0747e-11 1.1878e-11 1.2804e-11 1.2083e-11 1.5956e-11 1.1323e-11 6.8753e-12 9.8748e-12 6.7579e-12 5.1529e-12 4.1341e-12 3.9757e-12 4.1232e-12 4.6705e-12 3.8334e-12 3.7188e-12 3.9868e-12 2.3248e-12 2.5913e-12 2.5104e-12
3.3617e-11 1.5669e-11 1.5819e-11 1.3487e-11 1.4299e-11 1.1024e-11 1.1236e-11 1.3181e-11 6.1786e-12 1.4688e-11 1.4738e-11 7.6382e-12 7.786e-12 5.2806e-12 5.957e-12 4.0338e-12 5.1475e-12 4.9531e-12 3.5433e-12 3.3602e-12 3.4173e-12 2.4661e-12 2.2255e-12 2.2547e-12
3.0007e-11 2.3874e-11 2.5883e-11 1.3335e-11 1.2413e-11 1.0185e-11 1.0067e-11 1.0444e-11 1.417e-11 1.3889e-11 5.7669e-12 7.7137e-12 7.6548e-12 8.4203e-12 4.6468e-12 4.3683e-12 4.2909e-12 4.8579e-12 4.9924e-12 3.2828e-12 3.1267e-12 2.4686e-12 2.1884e-12 2.1486e-12
3.3617e-11 1.5669e-11 1.5819e-11 1.3487e-11 1.4299e-11 1.1024e-11 1.1236e-11 1.3181e-11 6.1786e-12 1.4688e-11 1.4738e-11 7.6382e-12 7.786e-12 5.2806e-12 5.957e-12 4.0338e-12 5.1475e-12 4.9531e-12 3.5433e-12 3.3602e-12 3.4173e-12 2.4661e-12 2.2255e-12 2.2547e-12
1.6868e-11 1.1165e-11 1.38e-11 1.3881e-11 1.0747e-11 1.1878e-11 1.2804e-11 1.2083e-11 1.5956e-11 1.1323e-11 6.8753e-12 9.8748e-12 6.7579e-12 5.1529e-12 4.1341e-12 3.9757e-12 4.1232e-12 4.6705e-12 3.8334e-12 3.7188e-12 3.9868e-12 2.3248e-12 2.5913e-12 2.5104e-12
1.2734e-11 1.14e-11 1.1899e-11 1.316e-11 1.1769e-11 1.1648e-11 1.3149e-11 1.2985e-11 1.1353e-11 1.0972e-11 8.4844e-12 9.1867e-12 6.0476e-12 5.7887e-12 5.6315e-12 5.3005e-12 3.6716e-12 3.585e-12 3.3918e-12 3.4221e-12 2.3412e-12 2.3591e-12 3.2312e-12 3.2138e-12
1.5842e-11 1.0702e-11 1.2351e-11 1.2962e-11 1.2645e-11 1.1995e-11 1.3567e-11 1.2969e-11 1.0919e-11 5.6944e-12 1.0745e-11 7.4109e-12 7.5985e-12 5.2542e-12 5.3679e-12 5.372e-12 4.6666e-12 3.8586e-12 3.792e-12 4.2198e-12 2.1053e-12 3.4752e-12 2.9243e-12 3.1483e-12
1.6868e-11 1.1165e-11 1.38e-11 1.3881e-11 1.0747e-11 1.1878e-11 1.2804e-11 1.2083e-11 1.5956e-11 1.1323e-11 6.8753e-12 9.8748e-12 6.7579e-12 5.1529e-12 4.1341e-12 3.9757e-12 4.1232e-12 4.6705e-12 3.8334e-12 3.7188e-12 3.9868e-12 2.3248e-12 2.5913e-12 2.5104e-12
1.4204e-11 1.2754e-11 1.6146e-11 1.3717e-11 1.1593e-11 1.1938e-11 1.5722e-11 1.2316e-11 1.3342e-11 1.3429e-11 1.1173e-11 7.8591e-12 5.9335e-12 4.2838e-12 4.6493e-12 4.7181e-12 4.3144e-12 3.5824e-12 3.101e-12 3.7559e-12 3.6732e-12 2.4845e-12 2.3496e-12 2.3836e-12
1.6868e-11 1.1165e-11 1.38e-11 1.3881e-11 1.0747e-11 1.1878e-11 1.2804e-11 1.2083e-11 1.5956e-11 1.1323e-11 6.8753e-12 9.8748e-12 6.7579e-12 5.1529e-12 4.1341e-12 3.9757e-12 4.1232e-12 4.6705e-12 3.8334e-12 3.7188e-12 3.9868e-12 2.3248e-12 2.5913e-12 2.5104e-12
1.5842e-11 1.0702e-11 1.2351e-11 1.2962e-11 1.2645e-11 1.1995e-11 1.3567e-11 1.2969e-11 1.0919e-11 5.6944e-12 1.0745e-11 7.4109e-12 7.5985e-12 5.2542e-12 5.3679e-12 5.372e-12 4.6666e-12 3.8586e-12 3.792e-12 4.2198e-12 2.1053e-12 3.4752e-12 2.9243e-12 3.1483e-12
1.3009e-11 1.2763e-11 1.2623e-11 1.2171e-11 1.2605e-11 1.2288e-11 1.1644e-11 1.1647e-11 9.229e-12 9.0146e-12 6.2675e-12 6.401e-12 6.6468e-12 6.6472e-12 5.2488e-12 5.2917e-12 3.4904e-12 3.4297e-12 3.4213e-12 3.5095e-12 2.7685e-12 2.8098e-12 3.4825e-12 3.396e-12
1.3009e-11 1.2763e-11 1.2623e-11 1.2171e-11 1.2605e-11 1.2288e-11 1.1644e-11 1.1647e-11 9.229e-12 9.0146e-12 6.2675e-12 6.401e-12 6.6468e-12 6.6472e-12 5.2488e-12 5.2917e-12 3.4904e-12 3.4297e-12 3.4213e-12 3.5095e-12 2.7685e-12 2.8098e-12 3.4825e-12 3.396e-12
1.2734e-11 1.14e-11 1.1899e-11 1.316e-11 1.1769e-11 1.1648e-11 1.3149e-11 1.2985e-11 1.1353e-11 1.0972e-11 8.4844e-12 9.1867e-12 6.0476e-12 5.7887e-12 5.6315e-12 5.3005e-12 3.6716e-12 3.585e-12 3.3918e-12 3.4221e-12 2.3412e-12 2.3591e-12 3.2312e-12 3.2138e-12
1.1961e-11 1.2052e-11 1.3384e-11 1.3363e-11 1.2105e-11 1.2822e-11 1.1711e-11 1.1982e-11 1.4699e-11 1.4789e-11 1.0831e-11 1.0763e-11 4.3673e-12 4.4699e-12 5.6631e-12 5.68e-12 4.0122e-12 3.8154e-12 3.9294e-12 3.6378e-12 3.385e-12 3.3769e-12 2.5396e-12 2.4404e-12
1.2734e-11 1.14e-11 1.1899e-11 1.316e-11 1.1769e-11 1.1648e-11 1.3149e-11 1.2985e-11 1.1353e-11 1.0972e-11 8.4844e-12 9.1867e-12 6.0476e-12 5.7887e-12 5.6315e-12 5.3005e-12 3.6716e-12 3.585e-12 3.3918e-12 3.4221e-12 2.3412e-12 2.3591e-12 3.2312e-12 3.2138e-12
1.3009e-11 1.2763e-11 1.2623e-11 1.2171e-11 1.2605e-11 1.2288e-11 1.1644e-11 1.1647e-11 9.229e-12 9.0146e-12 6.2675e-12 6.401e-12 6.6468e-12 6.6472e-12 5.2488e-12 5.2917e-12 3.4904e-12 3.4297e-12 3.4213e-12 3.5095e-12 2.7685e-12 2.8098e-12 3.4825e-12 3.396e-12
1.2711e-11 1.3342e-11 1.3199e-11 1.1942e-11 1.1275e-11 1.2363e-11 1.0716e-11 1.2463e-11 5.5388e-12 5.4859e-12 5.8984e-12 5.6329e-12 8.0732e-12 6.7089e-12 7.2691e-12 6.7946e-12 3.3904e-12 3.5191e-12 3.6081e-12 3.1606e-12 3.5385e-12 3.5505e-12 3.0466e-12 3.7406e-12
1.5212e-11 1.0584e-11 1.3804e-11 1.3869e-11 1.195e-11 1.1696e-11 1.4152e-11 1.3945e-11 1.067e-11 6.1186e-12 1.1695e-11 7.6589e-12 7.2772e-12 5.3201e-12 5.79e-12 5.3466e-12 5.1882e-12 4.0491e-12 4.1005e-12 3.9582e-12 2.06e-12 3.2936e-12 3.0511e-12 3.1529e-12
1.683e-11 1.1328e-11 1.4657e-11 1.3698e-11 1.0857e-11 1.1947e-11 1.2798e-11 1.228e-11 1.4872e-11 1.118e-11 6.9607e-12 9.716e-12 6.8548e-12 5.3062e-12 4.3309e-12 3.8865e-12 4.1027e-12 4.7088e-12 3.7427e-12 3.8734e-12 4.0307e-12 2.2495e-12 2.5592e-12 2.4023e-12
1.2809e-11 1.2741e-11 1.4748e-11 1.4323e-11 1.1091e-11 1.2395e-11 1.375e-11 1.0427e-11 1.4646e-11 1.5195e-11 1.2912e-11 8.0762e-12 6.0632e-12 4.52e-12 5.3926e-12 4.8191e-12 4.5229e-12 2.9908e-12 3.3046e-12 3.7673e-12 3.7109e-12 2.5174e-12 2.2942e-12 2.344e-12
1.683e-11 1.1328e-11 1.4657e-11 1.3698e-11 1.0857e-11 1.1947e-11 1.2798e-11 1.228e-11 1.4872e-11 1.118e-11 6.9607e-12 9.716e-12 6.8548e-12 5.3062e-12 4.3309e-12 3.8865e-12 4.1027e-12 4.7088e-12 3.7427e-12 3.8734e-12 4.0307e-12 2.2495e-12 2.5592e-12 2.4023e-12
1.5212e-11 1.0584e-11 1.3804e-11 1.3869e-11 1.195e-11 1.1696e-11 1.4152e-11 1.3945e-11 1.067e-11 6.1186e-12 1.1695e-11 7.6589e-12 7.2772e-12 5.3201e-12 5.79e-12 5.3466e-12 5.1882e-12 4.0491e-12 4.1005e-12 3.9582e-12 2.06e-12 3.2936e-12 3.0511e-12 3.1529e-12
1.2751e-11 1.3608e-11 1.2341e-11 1.2389e-11 1.3535e-11 1.2609e-11 1.2906e-11 1.2401e-11 9.2028e-12 1.0356e-11 6.2651e-12 6.0317e-12 6.2288e-12 6.3512e-12 5.38e-12 4.8792e-12 3.3606e-12 3.4308e-12 3.4767e-12 3.3526e-12 2.8333e-12 2.8776e-12 3.4339e-12 3.4138e-12
1.683e-11 1.1328e-11 1.4657e-11 1.3698e-11 1.0857e-11 1.1947e-11 1.2798e-11 1.228e-11 1.4872e-11 1.118e-11 6.9607e-12 9.716e-12 6.8548e-12 5.3062e-12 4.3309e-12 3.8865e-12 4.1027e-12 4.7088e-12 3.7427e-12 3.8734e-12 4.0307e-12 2.2495e-12 2.5592e-12 2.4023e-12
3.4141e-11 1.4912e-11 1.8595e-11 1.3265e-11 1.3456e-11 1.1352e-11 1.1116e-11 1.3585e-11 6.0186e-12 1.3163e-11 1.4303e-11 7.1761e-12 7.7661e-12 5.4652e-12 6.5481e-12 4.2071e-12 4.779e-12 4.8207e-12 3.1949e-12 3.3405e-12 3.2671e-12 2.3501e-12 2.265e-12 2.4691e-12
2.5062e-11 2.5416e-11 3.512e-11 1.2885e-11 1.2999e-11 9.2624e-12 9.8808e-12 1.0655e-11 1.4276e-11 1.4356e-11 5.1019e-12 8.4257e-12 7.4838e-12 8.9198e-12 4.6378e-12 4.2196e-12 4.6963e-12 5.1035e-12 5.6454e-12 3.0752e-12 2.9541e-12 2.305e-12 2.246e-12 2.1583e-12
3.4141e-11 1.4912e-11 1.8595e-11 1.3265e-11 1.3456e-11 1.1352e-11 1.1116e-11 1.3585e-11 6.0186e-12 1.3163e-11 1.4303e-11 7.1761e-12 7.7661e-12 5.4652e-12 6.5481e-12 4.2071e-12 4.779e-12 4.8207e-12 3.1949e-12 3.3405e-12 3.2671e-12 2.3501e-12 2.265e-12 2.4691e-12
1.683e-11 1.1328e-11 1.4657e-11 1.3699e-11 1.0858e-11 1.1947e-11 1.2798e-11 1.228e-11 1.4874e-11 1.118e-11 6.9608e-12 9.7159e-12 6.8548e-12 5.3061e-12 4.3307e-12 3.8865e-12 4.1026e-12 4.7087e-12 3.7407e-12 3.8734e-12 4.0308e-12 2.2496e-12 2.5592e-12 2.4023e-12
1.2971e-11 1.2757e-11 1.1999e-11 1.1546e-11 1.189e-11 1.2908e-11 1.2238e-11 1.4366e-11 1.0851e-11 1.0285e-11 8.5482e-12 8.2351e-12 6.1537e-12 6.1927e-12 5.408e-12 5.0362e-12 3.5404e-12 3.3674e-12 3.2688e-12 3.4594e-12 2.233e-12 2.2256e-12 3.226e-12 3.2517e-12
1.2809e-11 1.2741e-11 1.4748e-11 1.4323e-11 1.1091e-11 1.2395e-11 1.375e-11 1.0427e-11 1.4646e-11 1.5195e-11 1.2912e-11 8.0762e-12 6.0632e-12 4.52e-12 5.3926e-12 4.8191e-12 4.5229e-12 2.9908e-12 3.3046e-12 3.7673e-12 3.7109e-12 2.5174e-12 2.2942e-12 2.344e-12
2.5062e-11 2.5416e-11 3.512e-11 1.2885e-11 1.2999e-11 9.2624e-12 9.8808e-12 1.0655e-11 1.4276e-11 1.4356e-11 5.1019e-12 8.4257e-12 7.4838e-12 8.9198e-12 4.6378e-12 4.2196e-12 4.6963e-12 5.1035e-12 5.6454e-12 3.0752e-12 2.9541e-12 2.305e-12 2.246e-12 2.1583e-12
4.7559e-12 4.1275e-12 4.8445e-12 1.5439e-11 1.5678e-11 9.3315e-12 8.7575e-12 4.632e-12 5.0439e-12 1.8479e-11 1.5431e-11 1.5549e-11 7.8713e-12 7.1101e-12 5.0582e-12 3.4352e-12 3.9298e-12 4.5655e-12 4.3056e-12 3.0596e-12 2.6997e-12 2.1164e-12 2.1751e-12 2.0566e-12
2.5062e-11 2.5416e-11 3.512e-11 1.2885e-11 1.2999e-11 9.2624e-12 9.8808e-12 1.0655e-11 1.4276e-11 1.4356e-11 5.1019e-12 8.4257e-12 7.4838e-12 8.9198e-12 4.6378e-12 4.2196e-12 4.6963e-12 5.1035e-12 5.6454e-12 3.0752e-12 2.9541e-12 2.305e-12 2.246e-12 2.1583e-12
1.2809e-11 1.2741e-11 1.4748e-11 1.4323e-11 1.1091e-11 1.2395e-11 1.375e-11 1.0427e-11 1.4646e-11 1.5195e-11 1.2912e-11 8.0762e-12 6.0632e-12 4.52e-12 5.3926e-12 4.8191e-12 4.5229e-12 2.9908e-12 3.3046e-12 3.7673e-12 3.7109e-12 2.5174e-12 2.2942e-12 2.344e-12
1.081e-11 1.0834e-11 1.2497e-11 1.2915e-11 1.3394e-11 1.1551e-11 1.1296e-11 1.0738e-11 1.3168e-11 1.2778e-11 1.0265e-11 9.2712e-12 4.6539e-12 5.1315e-12 5.6284e-12 5.3871e-12 3.5327e-12 3.6233e-12 3.6809e-12 3.7157e-12 3.3226e-12 3.3161e-12 2.3502e-12 2.4957e-12
1.683e-11 1.1328e-11 1.4657e-11 1.3698e-11 1.0857e-11 1.1947e-11 1.2798e-11 1.228e-11 1.4872e-11 1.118e-11 6.9607e-12 9.716e-12 6.8548e-12 5.3062e-12 4.3309e-12 3.8865e-12 4.1027e-12 4.7088e-12 3.7427e-12 3.8734e-12 4.0307e-12 2.2495e-12 2.5592e-12 2.4023e-12
3.4141e-11 1.4912e-11 1.8595e-11 1.3265e-11 1.3456e-11 1.1352e-11 1.1116e-11 1.3585e-11 6.0186e-12 1.3163e-11 1.4303e-11 7.1761e-12 7.7661e-12 5.4652e-12 6.5481e-12 4.2071e-12 4.779e-12 4.8207e-12 3.1949e-12 3.3405e-12 3.2671e-12 2.3501e-12 2.265e-12 2.4691e-12
2.5062e-11 2.5416e-11 3.512e-11 1.2885e-11 1.2999e-11 9.2624e-12 9.8808e-12 1.0655e-11 1.4276e-11 1.4356e-11 5.1019e-12 8.4257e-12 7.4838e-12 8.9198e-12 4.6378e-12 4.2196e-12 4.6963e-12 5.1035e-12 5.6454e-12 3.0752e-12 2.9541e-12 2.305e-12 2.246e-12 2.1583e-12
3.4141e-11 1.4912e-11 1.8595e-11 1.3265e-11 1.3456e-11 1.1352e-11 1.1116e-11 1.3585e-11 6.0186e-12 1.3163e-11 1.4303e-11 7.1761e-12 7.7661e-12 5.4652e-12 6.5481e-12 4.2071e-12 4.779e-12 4.8207e-12 3.1949e-12 3.3405e-12 3.2671e-12 2.3501e-12 2.265e-12 2.4691e-12
1.683e-11 1.1328e-11 1.4657e-11 1.3698e-11 1.0857e-11 1.1947e-11 1.2798e-11 1.228e-11 1.4872e-11 1.118e-11 6.9607e-12 9.716e-12 6.8548e-12 5.3062e-12 4.3309e-12 3.8865e-12 4.1027e-12 4.7088e-12 3.7427e-12 3.8734e-12 4.0307e-12 2.2495e-12 2.5592e-12 2.4023e-12
1.2971e-11 1.2757e-11 1.1999e-11 1.1546e-11 1.189e-11 1.2908e-11 1.2238e-11 1.4366e-11 1.0851e-11 1.0285e-11 8.5482e-12 8.2351e-12 6.1537e-12 6.1927e-12 5.408e-12 5.0362e-12 3.5404e-12 3.3674e-12 3.2688e-12 3.4594e-12 2.233e-12 2.2256e-12 3.226e-12 3.2517e-12
1.5212e-11 1.0584e-11 1.3804e-11 1.3869e-11 1.195e-11 1.1696e-11 1.4152e-11 1.3945e-11 1.067e-11 6.1186e-12 1.1695e-11 7.6589e-12 7.2772e-12 5.3201e-12 5.79e-12 5.3466e-12 5.1882e-12 4.0491e-12 4.1005e-12 3.9582e-12 2.06e-12 3.2936e-12 3.0511e-12 3.1529e-12
1.683e-11 1.1328e-11 1.4657e-11 1.3699e-11 1.0858e-11 1.1947e-11 1.2798e-11 1.228e-11 1.4874e-11 1.118e-11 6.9608e-12 9.7159e-12 6.8548e-12 5.3061e-12 4.3307e-12 3.8865e-12 4.1026e-12 4.7087e-12 3.7407e-12 3.8734e-12 4.0308e-12 2.2496e-12 2.5592e-12 2.4023e-12
1.2809e-11 1.2741e-11 1.4748e-11 1.4323e-11 1.1091e-11 1.2395e-11 1.375e-11 1.0427e-11 1.4646e-11 1.5195e-11 1.2912e-11 8.0762e-12 6.0632e-12 4.52e-12 5.3926e-12 4.8191e-12 4.5229e-12 2.9908e-12 3.3046e-12 3.7673e-12 3.7109e-12 2.5174e-12 2.2942e-12 2.344e-12
1.683e-11 1.1328e-11 1.4657e-11 1.3698e-11 1.0857e-11 1.1947e-11 1.2798e-11 1.228e-11 1.4872e-11 1.118e-11 6.9607e-12 9.716e-12 6.8548e-12 5.3062e-12 4.3309e-12 3.8865e-12 4.1027e-12 4.7088e-12 3.7427e-12 3.8734e-12 4.0307e-12 2.2495e-12 2.5592e-12 2.4023e-12
1.5212e-11 1.0584e-11 1.3804e-11 1.3869e-11 1.195e-11 1.1696e-11 1.4152e-11 1.3945e-11 1.067e-11 6.1186e-12 1.1695e-11 7.6589e-12 7.2772e-12 5.3201e-12 5.79e-12 5.3466e-12 5.1882e-12 4.0491e-12 4.1005e-12 3.9582e-12 2.06e-12 3.2936e-12 3.0511e-12 3.1529e-12
1.2751e-11 1.3608e-11 1.2341e-11 1.2389e-11 1.3535e-11 1.2609e-11 1.2906e-11 1.2401e-11 9.2028e-12 1.0356e-11 6.2651e-12 6.0317e-12 6.2288e-12 6.3512e-12 5.38e-12 4.8792e-12 3.3606e-12 3.4308e-12 3.4767e-12 3.3526e-12 2.8333e-12 2.8776e-12 3.4339e-12 3.4138e-12
1.2751e-11 1.3608e-11 1.2341e-11 1.2389e-11 1.3535e-11 1.2609e-11 1.2906e-11 1.2401e-11 9.2028e-12 1.0356e-11 6.2651e-12 6.0317e-12 6.2288e-12 6.3512e-12 5.38e-12 4.8792e-12 3.3606e-12 3.4308e-12 3.4767e-12 3.3526e-12 2.8333e-12 2.8776e-12 3.4339e-12 3.4138e-12
1.2971e-11 1.2757e-11 1.1999e-11 1.1546e-11 1.189e-11 1.2908e-11 1.2238e-11 1.4366e-11 1.0851e-11 1.0285e-11 8.5482e-12 8.2351e-12 6.1537e-12 6.1927e-12 5.408e-12 5.0362e-12 3.5404e-12 3.3674e-12 3.2688e-12 3.4594e-12 2.233e-12 2.2256e-12 3.226e-12 3.2517e-12
1.081e-11 1.0834e-11 1.2497e-11 1.2915e-11 1.3394e-11 1.1551e-11 1.1296e-11 1.0738e-11 1.3168e-11 1.2778e-11 1.0265e-11 9.2712e-12 4.6539e-12 5.1315e-12 5.6284e-12 5.3871e-12 3.5327e-12 3.6233e-12 3.6809e-12 3.7157e-12 3.3226e-12 3.3161e-12 2.3502e-12 2.4957e-12
1.2971e-11 1.2757e-11 1.1999e-11 1.1546e-11 1.189e-11 1.2908e-11 1.2238e-11 1.4366e-11 1.0851e-11 1.0285e-11 8.5482e-12 8.2351e-12 6.1537e-12 6.1927e-12 5.408e-12 5.0362e-12 3.5404e-12 3.3674e-12 3.2688e-12 3.4594e-12 2.233e-12 2.2256e-12 3.226e-12 3.2517e-12
1.2751e-11 1.3608e-11 1.2341e-11 1.2389e-11 1.3535e-11 1.2609e-11 1.2906e-11 1.2401e-11 9.2028e-12 1.0356e-11 6.2651e-12 6.0317e-12 6.2288e-12 6.3512e-12 5.38e-12 4.8792e-12 3.3606e-12 3.4308e-12 3.4767e-12 3.3526e-12 2.8333e-12 2.8776e-12 3.4339e-12 3.4138e-12
1.1163e-11 1.1516e-11 1.1033e-11 1.1266e-11 1.1379e-11 1.107e-11 1.0565e-11 9.9908e-12 5.5838e-12 5.7582e-12 4.9956e-12 5.0893e-12 6.0402e-12 5.9223e-12 6.8019e-12 7.0266e-12 3.2633e-12 3.3125e-12 3.4211e-12 3.2016e-12 3.1447e-12 3.3864e-12 3.1786e-12 3.6418e-12
1.5842e-11 1.0702e-11 1.2351e-11 1.2962e-11 1.2645e-11 1.1995e-11 1.3567e-11 1.2969e-11 1.0919e-11 5.6944e-12 1.0745e-11 7.4109e-12 7.5985e-12 5.2542e-12 5.3679e-12 5.372e-12 4.6666e-12 3.8586e-12 3.792e-12 4.2198e-12 2.1053e-12 3.4752e-12 2.9243e-12 3.1483e-12
1.6868e-11 1.1165e-11 1.38e-11 1.3881e-11 1.0747e-11 1.1878e-11 1.2804e-11 1.2083e-11 1.5956e-11 1.1323e-11 6.8753e-12 9.8748e-12 6.7579e-12 5.1529e-12 4.1341e-12 3.9757e-12 4.1232e-12 4.6705e-12 3.8334e-12 3.7188e-12 3.9868e-12 2.3248e-12 2.5913e-12 2.5104e-12
1.4204e-11 1.2754e-11 1.6146e-11 1.3717e-11 1.1593e-11 1.1938e-11 1.5722e-11 1.2316e-11 1.3342e-11 1.3429e-11 1.1173e-11 7.8591e-12 5.9335e-12 4.2838e-12 4.6493e-12 4.7181e-12 4.3144e-12 3.5824e-12 3.101e-12 3.7559e-12 3.6732e-12 2.4845e-12 2.3496e-12 2.3836e-12
1.6868e-11 1.1165e-11 1.38e-11 1.3881e-11 1.0747e-11 1.1878e-11 1.2804e-11 1.2083e-11 1.5956e-11 1.1323e-11 6.8753e-12 9.8748e-12 6.7579e-12 5.1529e-12 4.1341e-12 3.9757e-12 4.1232e-12 4.6705e-12 3.8334e-12 3.7188e-12 3.9868e-12 2.3248e-12 2.5913e-12 2.5104e-12
1.5842e-11 1.0702e-11 1.2351e-11 1.2962e-11 1.2645e-11 1.1995e-11 1.3567e-11 1.2969e-11 1.0919e-11 5.6944e-12 1.0745e-11 7.4109e-12 7.5985e-12 5.2542e-12 5.3679e-12 5.372e-12 4.6666e-12 3.8586e-12 3.792e-12 4.2198e-12 2.1053e-12 3.4752e-12 2.9243e-12 3.1483e-12
1.3009e-11 1.2763e-11 1.2623e-11 1.2171e-11 1.2605e-11 1.2288e-11 1.1644e-11 1.1647e-11 9.229e-12 9.0146e-12 6.2675e-12 6.401e-12 6.6468e-12 6.6472e-12 5.2488e-12 5.2917e-12 3.4904e-12 3.4297e-12 3.4213e-12 3.5095e-12 2.7685e-12 2.8098e-12 3.4825e-12 3.396e-12
1.6868e-11 1.1165e-11 1.38e-11 1.3881e-11 1.0747e-11 1.1878e-11 1.2804e-11 1.2083e-11 1.5956e-11 1.1323e-11 6.8753e-12 9.8748e-12 6.7579e-12 5.1529e-12 4.1341e-12 3.9757e-12 4.1232e-12 4.6705e-12 3.8334e-12 3.7188e-12 3.9868e-12 2.3248e-12 2.5913e-12 2.5104e-12
3.3617e-11 1.5669e-11 1.5819e-11 1.3487e-11 1.4299e-11 1.1024e-11 1.1236e-11 1.3181e-11 6.1786e-12 1.4688e-11 1.4738e-11 7.6382e-12 7.786e-12 5.2806e-12 5.957e-12 4.0338e-12 5.1475e-12 4.9531e-12 3.5433e-12 3.3602e-12 3.4173e-12 2.4661e-12 2.2255e-12 2.2547e-12
3.0007e-11 2.3874e-11 2.5883e-11 1.3335e-11 1.2413e-11 1.0185e-11 1.0067e-11 1.0444e-11 1.417e-11 1.3889e-11 5.7669e-12 7.7137e-12 7.6548e-12 8.4203e-12 4.6468e-12 4.3683e-12 4.2909e-12 4.8579e-12 4.9924e-12 3.2828e-12 3.1267e-12 2.4686e-12 2.1884e-12 2.1486e-12
3.3617e-11 1.5669e-11 1.5819e-11 1.3487e-11 1.4299e-11 1.1024e-11 1.1236e-11 1.3181e-11 6.1786e-12 1.4688e-11 1.4738e-11 7.6382e-12 7.786e-12 5.2806e-12 5.957e-12 4.0338e-12 5.1475e-12 4.9531e-12 3.5433e-12 3.3602e-12 3.4173e-12 2.4661e-12 2.2255e-12 2.2547e-12
1.6868e-11 1.1165e-11 1.38e-11 1.3881e-11 1.0747e-11 1.1878e-11 1.2804e-11 1.2083e-11 1.5956e-11 1.1323e-11 6.8753e-12 9.8748e-12 6.7579e-12 5.1529e-12 4.1341e-12 3.9757e-12 4.1232e-12 4.6705e-12 3.8334e-12 3.7188e-12 3.9868e-12 2.3248e-12 2.5913e-12 2.5104e-12
1.2734e-11 1.14e-11 1.1899e-11 1.316e-11 1.1769e-11 1.1648e-11 1.3149e-11 1.2985e-11 1.1353e-11 1.0972e-11 8.4844e-12 9.1867e-12 6.0476e-12 5.7887e-12 5.6315e-12 5.3005e-12 3.6716e-12 3.585e-12 3.3918e-12 3.4221e-12 2.3412e-12 2.3591e-12 3.2312e-12 3.2138e-12
1.4204e-11 1.2754e-11 1.6146e-11 1.3717e-11 1.1593e-11 1.1938e-11 1.5722e-11 1.2316e-11 1.3342e-11 1.3429e-11 1.1173e-11 7.8591e-12 5.9335e-12 4.2838e-12 4.6493e-12 4.7181e-12 4.3144e-12 3.5824e-12 3.101e-12 3.7559e-12 3.6732e-12 2.4845e-12 2.3496e-12 2.3836e-12
3.0007e-11 2.3874e-11 2.5883e-11 1.3335e-11 1.2413e-11 1.0185e-11 1.0067e-11 1.0444e-11 1.417e-11 1.3889e-11 5.7669e-12 7.7137e-12 7.6548e-12 8.4203e-12 4.6468e-12 4.3683e-12 4.2909e-12 4.8579e-12 4.9924e-12 3.2828e-12 3.1267e-12 2.4686e-12 2.1884e-12 2.1486e-12
1.6129e-10 1.6257e-10 1.7545e-10 1.5116e-11 1.3158e-11 9.0527e-12 8.7612e-12 5.5151e-12 5.5162e-12 1.4543e-11 1.7459e-11 1.6537e-11 7.9216e-12 7.9195e-12 4.6812e-12 3.765e-12 3.9162e-12 4.4124e-12 4.9034e-12 2.9598e-12 2.7056e-12 2.2769e-12 2.1507e-12 2.2585e-12
3.0007e-11 2.3874e-11 2.5883e-11 1.3335e-11 1.2413e-11 1.0185e-11 1.0067e-11 1.0444e-11 1.417e-11 1.3889e-11 5.7669e-12 7.7137e-12 7.6548e-12 8.4203e-12 4.6468e-12 4.3683e-12 4.2909e-12 4.8579e-12 4.9924e-12 3.2828e-12 3.1267e-12 2.4686e-12 2.1884e-12 2.1486e-12
1.4204e-11 1.2754e-11 1.6146e-11 1.3717e-11 1.1593e-11 1.1938e-11 1.5722e-11 1.2316e-11 1.3342e-11 1.3429e-11 1.1173e-11 7.8591e-12 5.9335e-12 4.2838e-12 4.6493e-12 4.7181e-12 4.3144e-12 3.5824e-12 3.101e-12 3.7559e-12 3.6732e-12 2.4845e-12 2.3496e-12 2.3836e-12
1.1961e-11 1.2052e-11 1.3384e-11 1.3363e-11 1.2105e-11 1.2822e-11 1.1711e-11 1.1982e-11 1.4699e-11 1.4789e-11 1.0831e-11 1.0763e-11 4.3673e-12 4.4699e-12 5.6631e-12 5.68e-12 4.0122e-12 3.8154e-12 3.9294e-12 3.6378e-12 3.385e-12 3.3769e-12 2.5396e-12 2.4404e-12
1.6868e-11 1.1165e-11 1.38e-11 1.3881e-11 1.0747e-11 1.1878e-11 1.2804e-11 1.2083e-11 1.5956e-11 1.1323e-11 6.8753e-12 9.8748e-12 6.7579e-12 5.1529e-12 4.1341e-12 3.9757e-12 4.1232e-12 4.6705e-12 3.8334e-12 3.7188e-12 3.9868e-12 2.3248e-12 2.5913e-12 2.5104e-12
3.3617e-11 1.5669e-11 1.5819e-11 1.3487e-11 1.4299e-11 1.1024e-11 1.1236e-11 1.3181e-11 6.1786e-12 1.4688e-11 1.4738e-11 7.6382e-12 7.786e-12 5.2806e-12 5.957e-12 4.0338e-12 5.1475e-12 4.9531e-12 3.5433e-12 3.3602e-12 3.4173e-12 2.4661e-12 2.2255e-12 2.2547e-12
3.0007e-11 2.3874e-11 2.5883e-11 1.3335e-11 1.2413e-11 1.0185e-11 1.0067e-11 1.0444e-11 1.417e-11 1.3889e-11 5.7669e-12 7.7137e-12 7.6548e-12 8.4203e-12 4.6468e-12 4.3683e-12 4.2909e-12 4.8579e-12 4.9924e-12 3.2828e-12 3.1267e-12 2.4686e-12 2.1884e-12 2.1486e-12
3.3617e-11 1.5669e-11 1.5819e-11 1.3487e-11 1.4299e-11 1.1024e-11 1.1236e-11 1.3181e-11 6.1786e-12 1.4688e-11 1.4738e-11 7.6382e-12 7.786e-12 5.2806e-12 5.957e-12 4.0338e-12 5.1475e-12 4.9531e-12 3.5433e-12 3.3602e-12 3.4173e-12 2.4661e-12 2.2255e-12 2.2547e-12
1.6868e-11 1.1165e-11 1.38e-11 1.3881e-11 1.0747e-11 1.1878e-11 1.2804e-11 1.2083e-11 1.5956e-11 1.1323e-11 6.8753e-12 9.8748e-12 6.7579e-12 5.1529e-12 4.1341e-12 3.9757e-12 4.1232e-12 4.6705e-12 3.8334e-12 3.7188e-12 3.9868e-12 2.3248e-12 2.5913e-12 2.5104e-12
1.2734e-11 1.14e-11 1.1899e-11 1.316e-11 1.1769e-11 1.1648e-11 1.3149e-11 1.2985e-11 1.1353e-11 1.0972e-11 8.4844e-12 9.1867e-12 6.0476e-12 5.7887e-12 5.6315e-12 5.3005e-12 3.6716e-12 3.585e-12 3.3918e-12 3.4221e-12 2.3412e-12 2.3591e-12 3.2312e-12 3.2138e-12
1.5842e-11 1.0702e-11 1.2351e-11 1.2962e-11 1.2645e-11 1.1995e-11 1.3567e-11 1.2969e-11 1.0919e-11 5.6944e-12 1.0745e-11 7.4109e-12 7.5985e-12 5.2542e-12 5.3679e-12 5.372e-12 4.6666e-12 3.8586e-12 3.792e-12 4.2198e-12 2.1053e-12 3.4752e-12 2.9243e-12 3.1483e-12
1.6868e-11 1.1165e-11 1.38e-11 1.3881e-11 1.0747e-11 1.1878e-11 1.2804e-11 1.2083e-11 1.5956e-11 1.1323e-11 6.8753e-12 9.8748e-12 6.7579e-12 5.1529e-12 4.1341e-12 3.9757e-12 4.1232e-12 4.6705e-12 3.8334e-12 3.7188e-12 3.9868e-12 2.3248e-12 2.5913e-12 2.5104e-12
1.4204e-11 1.2754e-11 1.6146e-11 1.3717e-11 1.1593e-11 1.1938e-11 1.5722e-11 1.2316e-11 1.3342e-11 1.3429e-11 1.1173e-11 7.8591e-12 5.9335e-12 4.2838e-12 4.6493e-12 4.7181e-12 4.3144e-12 3.5824e-12 3.101e-12 3.7559e-12 3.6732e-12 2.4845e-12 2.3496e-12 2.3836e-12
1.6868e-11 1.1165e-11 1.38e-11 1.3881e-11 1.0747e-11 1.1878e-11 1.2804e-11 1.2083e-11 1.5956e-11 1.1323e-11 6.8753e-12 9.8748e-12 6.7579e-12 5.1529e-12 4.1341e-12 3.9757e-12 4.1232e-12 4.6705e-12 3.8334e-12 3.7188e-12 3.9868e-12 2.3248e-12 2.5913e-12 2.5104e-12
1.5842e-11 1.0702e-11 1.2351e-11 1.2962e-11 1.2645e-11 1.1995e-11 1.3567e-11 1.2969e-11 1.0919e-11 5.6944e-12 1.0745e-11 7.4109e-12 7.5985e-12 5.2542e-12 5.3679e-12 5.372e-12 4.6666e-12 3.8586e-12 3.792e-12 4.2198e-12 2.1053e-12 3.4752e-12 2.9243e-12 3.1483e-12
1.3009e-11 1.2763e-11 1.2623e-11 1.2171e-11 1.2605e-11 1.2288e-11 1.1644e-11 1.1647e-11 9.229e-12 9.0146e-12 6.2675e-12 6.401e-12 6.6468e-12 6.6472e-12 5.2488e-12 5.2917e-12 3.4904e-12 3.4297e-12 3.4213e-12 3.5095e-12 2.7685e-12 2.8098e-12 3.4825e-12 3.396e-12
1.3009e-11 1.2763e-11 1.2623e-11 1.2171e-11 1.2605e-11 1.2288e-11 1.1644e-11 1.1647e-11 9.229e-12 9.0146e-12 6.2675e-12 6.401e-12 6.6468e-12 6.6472e-12 5.2488e-12 5.2917e-12 3.4904e-12 3.4297e-12 3.4213e-12 3.5095e-12 2.7685e-12 2.8098e-12 3.4825e-12 3.396e-12
1.2734e-11 1.14e-11 1.1899e-11 1.316e-11 1.1769e-11 1.1648e-11 1.3149e-11 1.2985e-11 1.1353e-11 1.0972e-11 8.4844e-12 9.1867e-12 6.0476e-12 5.7887e-12 5.6315e-12 5.3005e-12 3.6716e-12 3.585e-12 3.3918e-12 3.4221e-12 2.3412e-12 2.3591e-12 3.2312e-12 3.2138e-12
1.1961e-11 1.2052e-11 1.3384e-11 1.3363e-11 1.2105e-11 1.2822e-11 1.1711e-11 1.1982e-11 1.4699e-11 1.4789e-11 1.0831e-11 1.0763e-11 4.3673e-12 4.4699e-12 5.6631e-12 5.68e-12 4.0122e-12 3.8154e-12 3.9294e-12 3.6378e-12 3.385e-12 3.3769e-12 2.5396e-12 2.4404e-12
1.2734e-11 1.14e-11 1.1899e-11 1.316e-11 1.1769e-11 1.1648e-11 1.3149e-11 1.2985e-11 1.1353e-11 1.0972e-11 8.4844e-12 9.1867e-12 6.0476e-12 5.7887e-12 5.6315e-12 5.3005e-12 3.6716e-12 3.585e-12 3.3918e-12 3.4221e-12 2.3412e-12 2.3591e-12 3.2312e-12 3.2138e-12
1.3009e-11 1.2763e-11 1.2623e-11 1.2171e-11 1.2605e-11 1.2288e-11 1.1644e-11 1.1647e-11 9.229e-12 9.0146e-12 6.2675e-12 6.401e-12 6.6468e-12 6.6472e-12 5.2488e-12 5.2917e-12 3.4904e-12 3.4297e-12 3.4213e-12 3.5095e-12 2.7685e-12 2.8098e-12 3.4825e-12 3.396e-12
1.2711e-11 1.3342e-11 1.3199e-11 1.1942e-11 1.1275e-11 1.2363e-11 1.0716e-11 1.2463e-11 5.5388e-12 5.4859e-12 5.8984e-12 5.6329e-12 8.0732e-12 6.7089e-12 7.2691e-12 6.7946e-12 3.3904e-12 3.5191e-12 3.6081e-12 3.1606e-12 3.5385e-12 3.5505e-12 3.0466e-12 3.7406e-12
1.5951e-11 1.3055e-11 1.3176e-11 1.2286e-11 1.2763e-11 1.2781e-11 1.348e-11 1.3299e-11 5.7477e-12 1.1998e-11 1.1558e-11 7.5415e-12 7.5272e-12 5.1375e-12 5.517e-12 5.5155e-12 4.9945e-12 3.8081e-12 3.8927e-12 4.2296e-12 2.3721e-12 3.3858e-12 3.0438e-12 3.0054e-12
1.5976e-11 1.1997e-11 1.2849e-11 1.4324e-11 1.0372e-11 1.1172e-11 1.2387e-11 1.13e-11 1.5017e-11 1.0864e-11 7.2798e-12 9.9531e-12 6.9684e-12 4.9183e-12 4.3662e-12 4.1429e-12 4.5843e-12 4.6141e-12 3.6961e-12 3.6138e-12 4.05e-12 2.3612e-12 2.5395e-12 2.4334e-12
1.5293e-11 1.3849e-11 1.3479e-11 1.0956e-11 1.5331e-11 1.1821e-11 1.3983e-11 1.224e-11 1.0589e-11 1.4072e-11 1.1572e-11 8.1229e-12 5.8534e-12 4.2826e-12 4.994e-12 4.563e-12 3.5946e-12 4.1564e-12 3.9129e-12 3.0588e-12 3.7982e-12 2.4631e-12 2.3534e-12 2.4855e-12
1.5976e-11 1.1997e-11 1.2849e-11 1.4324e-11 1.0372e-11 1.1172e-11 1.2387e-11 1.13e-11 1.5017e-11 1.0864e-11 7.2798e-12 9.9531e-12 6.9684e-12 4.9183e-12 4.3662e-12 4.1429e-12 4.5843e-12 4.6141e-12 3.6961e-12 3.6138e-12 4.05e-12 2.3612e-12 2.5395e-12 2.4334e-12
1.5951e-11 1.3055e-11 1.3176e-11 1.2286e-11 1.2763e-11 1.2781e-11 1.348e-11 1.3299e-11 5.7477e-12 1.1998e-11 1.1558e-11 7.5415e-12 7.5272e-12 5.1375e-12 5.517e-12 5.5155e-12 4.9945e-12 3.8081e-12 3.8927e-12 4.2296e-12 2.3721e-12 3.3858e-12 3.0438e-12 3.0054e-12
1.276e-11 1.3562e-11 1.259e-11 1.2249e-11 1.269e-11 1.2981e-11 1.2024e-11 1.1815e-11 8.6922e-12 9.1292e-12 6.9503e-12 6.7567e-12 6.941e-12 6.8014e-12 5.5572e-12 5.3304e-12 3.7968e-12 3.6672e-12 3.5922e-12 3.6598e-12 2.8488e-12 2.8943e-12 3.4909e-12 3.5292e-12
1.5976e-11 1.1997e-11 1.2849e-11 1.4324e-11 1.0372e-11 1.1172e-11 1.2387e-11 1.13e-11 1.5017e-11 1.0864e-11 7.2798e-12 9.9531e-12 6.9684e-12 4.9183e-12 4.3662e-12 4.1429e-12 4.5843e-12 4.6141e-12 3.6961e-12 3.6138e-12 4.05e-12 2.3612e-12 2.5395e-12 2.4334e-12
2.6292e-11 1.7039e-11 1.4329e-11 1.3919e-11 1.4254e-11 1.1365e-11 1.0891e-11 1.2837e-11 6.5815e-12 1.3994e-11 1.53e-11 7.7278e-12 8.4702e-12 6.0045e-12 5.3868e-12 4.0092e-12 4.7968e-12 4.8623e-12 3.5746e-12 3.4494e-12 3.5097e-12 2.478e-12 2.245e-12 2.3853e-12
3.4008e-11 1.9305e-11 2.0018e-11 1.3782e-11 1.4002e-11 9.6822e-12 1.0492e-11 9.9918e-12 1.4369e-11 1.4869e-11 6.1557e-12 7.2909e-12 7.1773e-12 8.3873e-12 4.843e-12 4.3757e-12 5.3768e-12 4.286e-12 4.9271e-12 3.4235e-12 3.0519e-12 2.5831e-12 2.2972e-12 2.1508e-12
2.6292e-11 1.7039e-11 1.4329e-11 1.3919e-11 1.4254e-11 1.1365e-11 1.0891e-11 1.2837e-11 6.5815e-12 1.3994e-11 1.53e-11 7.7278e-12 8.4702e-12 6.0045e-12 5.3868e-12 4.0092e-12 4.7968e-12 4.8623e-12 3.5746e-12 3.4494e-12 3.5097e-12 2.478e-12 2.245e-12 2.3853e-12
1.5976e-11 1.1997e-11 1.2849e-11 1.4324e-11 1.0372e-11 1.1172e-11 1.2387e-11 1.13e-11 1.5017e-11 1.0864e-11 7.2798e-12 9.9531e-12 6.9684e-12 4.9183e-12 4.3662e-12 4.1429e-12 4.5843e-12 4.6141e-12 3.6961e-12 3.6138e-12 4.05e-12 2.3612e-12 2.5395e-12 2.4334e-12
1.248e-11 1.1952e-11 1.3768e-11 1.396e-11 1.1107e-11 1.1368e-11 1.3791e-11 1.3301e-11 1.1884e-11 1.0707e-11 9.1058e-12 9.3025e-12 5.9112e-12 5.9807e-12 5.6829e-12 5.3916e-12 3.4926e-12 3.6042e-12 3.467e-12 3.6672e-12 2.2828e-12 2.4089e-12 3.1196e-12 3.0136e-12
1.5293e-11 1.3849e-11 1.3479e-11 1.0956e-11 1.5331e-11 1.1821e-11 1.3983e-11 1.224e-11 1.0589e-11 1.4072e-11 1.1572e-11 8.1229e-12 5.8534e-12 4.2826e-12 4.994e-12 4.563e-12 3.5946e-12 4.1564e-12 3.9129e-12 3.0588e-12 3.7982e-12 2.4631e-12 2.3534e-12 2.4855e-12
3.4008e-11 1.9305e-11 2.0018e-11 1.3782e-11 1.4002e-11 9.6822e-12 1.0492e-11 9.9918e-12 1.4369e-11 1.4869e-11 6.1557e-12 7.2909e-12 7.1773e-12 8.3873e-12 4.843e-12 4.3757e-12 5.3768e-12 4.286e-12 4.9271e-12 3.4235e-12 3.0519e-12 2.5831e-12 2.2972e-12 2.1508e-12
4.5418e-11 4.7534e-11 7.7086e-11 1.3007e-11 1.4648e-11 9.5951e-12 9.4481e-12 1.0465e-11 6.6277e-12 5.9181e-12 1.6746e-11 1.6414e-11 8.3206e-12 8.4277e-12 4.6746e-12 3.9323e-12 3.8135e-12 4.9844e-12 5.764e-12 2.955e-12 3.1581e-12 2.47e-12 2.208e-12 2.1645e-12
3.4008e-11 1.9305e-11 2.0018e-11 1.3782e-11 1.4002e-11 9.6822e-12 1.0492e-11 9.9918e-12 1.4369e-11 1.4869e-11 6.1557e-12 7.2909e-12 7.1773e-12 8.3873e-12 4.843e-12 4.3757e-12 5.3768e-12 4.286e-12 4.9271e-12 3.4235e-12 3.0519e-12 2.5831e-12 2.2972e-12 2.1508e-12
1.5293e-11 1.3849e-11 1.3479e-11 1.0956e-11 1.5331e-11 1.1821e-11 1.3983e-11 1.224e-11 1.0589e-11 1.4072e-11 1.1572e-11 8.1229e-12 5.8534e-12 4.2826e-12 4.994e-12 4.563e-12 3.5946e-12 4.1564e-12 3.9129e-12 3.0588e-12 3.7982e-12 2.4631e-12 2.3534e-12 2.4855e-12
1.2e-11 1.1894e-11 1.2941e-11 1.2446e-11 1.1232e-11 1.1799e-11 1.1769e-11 1.3861e-11 1.4573e-11 1.53e-11 9.4359e-12 8.7505e-12 4.3903e-12 4.6343e-12 5.1142e-12 5.5157e-12 3.9254e-12 4.0269e-12 3.6092e-12 3.7017e-12 3.2554e-12 3.6453e-12 2.5735e-12 2.4762e-12
1.5976e-11 1.1997e-11 1.2849e-11 1.4324e-11 1.0372e-11 1.1172e-11 1.2387e-11 1.13e-11 1.5017e-11 1.0864e-11 7.2798e-12 9.9531e-12 6.9684e-12 4.9183e-12 4.3662e-12 4.1429e-12 4.5843e-12 4.6141e-12 3.6961e-12 3.6138e-12 4.05e-12 2.3612e-12 2.5395e-12 2.4334e-12
2.6292e-11 1.7039e-11 1.4329e-11 1.3919e-11 1.4254e-11 1.1365e-11 1.0891e-11 1.2837e-11 6.5815e-12 1.3994e-11 1.53e-11 7.7278e-12 8.4702e-12 6.0045e-12 5.3868e-12 4.0092e-12 4.7968e-12 4.8623e-12 3.5746e-12 3.4494e-12 3.5097e-12 2.478e-12 2.245e-12 2.3853e-12
3.4008e-11 1.9305e-11 2.0018e-11 1.3782e-11 1.4002e-11 9.6822e-12 1.0492e-11 9.9918e-12 1.4369e-11 1.4869e-11 6.1557e-12 7.2909e-12 7.1773e-12 8.3873e-12 4.843e-12 4.3757e-12 5.3768e-12 4.286e-12 4.9271e-12 3.4235e-12 3.0519e-12 2.5831e-12 2.2972e-12 2.1508e-12
2.6292e-11 1.7039e-11 1.4329e-11 1.3919e-11 1.4254e-11 1.1365e-11 1.0891e-11 1.2837e-11 6.5815e-12 1.3994e-11 1.53e-11 7.7278e-12 8.4702e-12 6.0045e-12 5.3868e-12 4.0092e-12 4.7968e-12 4.8623e-12 3.5746e-12 3.4494e-12 3.5097e-12 2.478e-12 2.245e-12 2.3853e-12
1.5976e-11 1.1997e-11 1.2849e-11 1.4324e-11 1.0372e-11 1.1172e-11 1.2387e-11 1.13e-11 1.5017e-11 1.0864e-11 7.2798e-12 9.9531e-12 6.9684e-12 4.9183e-12 4.3662e-12 4.1429e-12 4.5843e-12 4.6141e-12 3.6961e-12 3.6138e-12 4.05e-12 2.3612e-12 2.5395e-12 2.4334e-12
1.248e-11 1.1952e-11 1.3768e-11 1.396e-11 1.1107e-11 1.1368e-11 1.3791e-11 1.3301e-11 1.1884e-11 1.0707e-11 9.1058e-12 9.3025e-12 5.9112e-12 5.9807e-12 5.6829e-12 5.3916e-12 3.4926e-12 3.6042e-12 3.467e-12 3.6672e-12 2.2828e-12 2.4089e-12 3.1196e-12 3.0136e-12
1.5951e-11 1.3055e-11 1.3176e-11 1.2286e-11 1.2763e-11 1.2781e-11 1.348e-11 1.3299e-11 5.7477e-12 1.1998e-11 1.1558e-11 7.5415e-12 7.5272e-12 5.1375e-12 5.517e-12 5.5155e-12 4.9945e-12 3.8081e-12 3.8927e-12 4.2296e-12 2.3721e-12 3.3858e-12 3.0438e-12 3.0054e-12
1.5976e-11 1.1997e-11 1.2849e-11 1.4324e-11 1.0372e-11 1.1172e-11 1.2387e-11 1.13e-11 1.5017e-11 1.0864e-11 7.2798e-12 9.9531e-12 6.9684e-12 4.9183e-12 4.3662e-12 4.1429e-12 4.5843e-12 4.6141e-12 3.6961e-12 3.6138e-12 4.05e-12 2.3612e-12 2.5395e-12 2.4334e-12
1.5293e-11 1.3849e-11 1.3479e-11 1.0956e-11 1.5331e-11 1.1821e-11 1.3983e-11 1.224e-11 1.0589e-11 1.4072e-11 1.1572e-11 8.1229e-12 5.8534e-12 4.2826e-12 4.994e-12 4.563e-12 3.5946e-12 4.1564e-12 3.9129e-12 3.0588e-12 3.7982e-12 2.4631e-12 2.3534e-12 2.4855e-12
1.5976e-11 1.1997e-11 1.2849e-11 1.4324e-11 1.0372e-11 1.1172e-11 1.2387e-11 1.13e-11 1.5017e-11 1.0864e-11 7.2798e-12 9.9531e-12 6.9684e-12 4.9183e-12 4.3662e-12 4.1429e-12 4.5843e-12 4.6141e-12 3.6961e-12 3.6138e-12 4.05e-12 2.3612e-12 2.5395e-12 2.4334e-12
1.5951e-11 1.3055e-11 1.3176e-11 1.2286e-11 1.2763e-11 1.2781e-11 1.348e-11 1.3299e-11 5.7477e-12 1.1998e-11 1.1558e-11 7.5415e-12 7.5272e-12 5.1375e-12 5.517e-12 5.5155e-12 4.9945e-12 3.8081e-12 3.8927e-12 4.2296e-12 2.3721e-12 3.3858e-12 3.0438e-12 3.0054e-12
1.276e-11 1.3562e-11 1.259e-11 1.2249e-11 1.269e-11 1.2981e-11 1.2024e-11 1.1815e-11 8.6922e-12 9.1292e-12 6.9503e-12 6.7567e-12 6.941e-12 6.8014e-12 5.5572e-12 5.3304e-12 3.7968e-12 3.6672e-12 3.5922e-12 3.6598e-12 2.8488e-12 2.8943e-12 3.4909e-12 3.5292e-12
1.276e-11 1.3562e-11 1.259e-11 1.2249e-11 1.269e-11 1.2981e-11 1.2024e-11 1.1815e-11 8.6922e-12 9.1292e-12 6.9503e-12 6.7567e-12 6.941e-12 6.8014e-12 5.5572e-12 5.3304e-12 3.7968e-12 3.6672e-12 3.5922e-12 3.6598e-12 2.8488e-12 2.8943e-12 3.4909e-12 3.5292e-12
1.248e-11 1.1952e-11 1.3768e-11 1.396e-11 1.1107e-11 1.1368e-11 1.3791e-11 1.3301e-11 1.1884e-11 1.0707e-11 9.1058e-12 9.3025e-12 5.9112e-12 5.9807e-12 5.6829e-12 5.3916e-12 3.4926e-12 3.6042e-12 3.467e-12 3.6672e-12 2.2828e-12 2.4089e-12 3.1196e-12 3.0136e-12
1.2e-11 1.1894e-11 1.2941e-11 1.2446e-11 1.1232e-11 1.1799e-11 1.1769e-11 1.3861e-11 1.4573e-11 1.53e-11 9.4359e-12 8.7505e-12 4.3903e-12 4.6343e-12 5.1142e-12 5.5157e-12 3.9254e-12 4.0269e-12 3.6092e-12 3.7017e-12 3.2554e-12 3.6453e-12 2.5735e-12 2.4762e-12
1.248e-11 1.1952e-11 1.3768e-11 1.396e-11 1.1107e-11 1.1368e-11 1.3791e-11 1.3301e-11 1.1884e-11 1.0707e-11 9.1058e-12 9.3025e-12 5.9112e-12 5.9807e-12 5.6829e-12 5.3916e-12 3.4926e-12 3.6042e-12 3.467e-12 3.6672e-12 2.2828e-12 2.4089e-12 3.1196e-12 3.0136e-12
1.276e-11 1.3562e-11 1.259e-11 1.2249e-11 1.269e-11 1.2981e-11 1.2024e-11 1.1815e-11 8.6922e-12 9.1292e-12 6.9503e-12 6.7567e-12 6.941e-12 6.8014e-12 5.5572e-12 5.3304e-12 3.7968e-12 3.6672e-12 3.5922e-12 3.6598e-12 2.8488e-12 2.8943e-12 3.4909e-12 3.5292e-12
1.3219e-11 1.3713e-11 1.3122e-11 1.4696e-11 1.1877e-11 1.2191e-11 1.2454e-11 1.213e-11 6.0166e-12 5.1245e-12 6.102e-12 5.5476e-12 8.4479e-12 7.4229e-12 7.6814e-12 7.5049e-12 3.8217e-12 3.784e-12 3.4835e-12 3.87e-12 3.1487e-12 3.4607e-12 3.1984e-12 3.2529e-12
1.6119e-11 1.2858e-11 1.2394e-11 1.2381e-11 1.3015e-11 1.3054e-11 1.2975e-11 1.2516e-11 5.9227e-12 1.3103e-11 1.0448e-11 7.6298e-12 7.6669e-12 5.2437e-12 5.7406e-12 5.9797e-12 5.087e-12 3.9492e-12 3.922e-12 4.4699e-12 2.3185e-12 3.2509e-12 3.0426e-12 3.1118e-12
1.6409e-11 1.3061e-11 1.3867e-11 1.3765e-11 1.0906e-11 1.1301e-11 1.3604e-11 1.4743e-11 1.0898e-11 1.0915e-11 7.7689e-12 1.0253e-11 7.0966e-12 5.343e-12 4.2797e-12 4.1866e-12 4.7328e-12 4.2682e-12 3.8377e-12 3.6276e-12 3.9109e-12 2.2744e-12 2.5118e-12 2.4505e-12
1.4791e-11 1.3982e-11 1.2672e-11 1.1261e-11 1.5559e-11 1.384e-11 1.112e-11 1.2537e-11 1.3399e-11 9.872e-12 1.1258e-11 8.2812e-12 4.9111e-12 5.4867e-12 5.5194e-12 4.1802e-12 3.6333e-12 4.3601e-12 3.9631e-12 2.9634e-12 3.5521e-12 2.5081e-12 2.3217e-12 2.3568e-12
1.6409e-11 1.3061e-11 1.3867e-11 1.3765e-11 1.0906e-11 1.1301e-11 1.3604e-11 1.4743e-11 1.0898e-11 1.0915e-11 7.7689e-12 1.0253e-11 7.0966e-12 5.343e-12 4.2797e-12 4.1866e-12 4.7328e-12 4.2682e-12 3.8377e-12 3.6276e-12 3.9109e-12 2.2744e-12 2.5118e-12 2.4505e-12
1.6119e-11 1.2858e-11 1.2394e-11 1.2381e-11 1.3015e-11 1.3054e-11 1.2975e-11 1.2516e-11 5.9227e-12 1.3103e-11 1.0448e-11 7.6298e-12 7.6669e-12 5.2437e-12 5.7406e-12 5.9797e-12 5.087e-12 3.9492e-12 3.922e-12 4.4699e-12 2.3185e-12 3.2509e-12 3.0426e-12 3.1118e-12
1.3212e-11 1.3541e-11 1.1614e-11 1.2662e-11 1.2281e-11 1.3533e-11 1.1837e-11 1.1391e-11 8.381e-12 8.0224e-12 7.2517e-12 7.7779e-12 6.9341e-12 7.0558e-12 5.2278e-12 5.306e-12 4.0568e-12 4.3407e-12 3.9457e-12 3.7006e-12 2.9132e-12 2.7364e-12 3.4394e-12 3.3822e-12
1.6409e-11 1.3061e-11 1.3867e-11 1.3765e-11 1.0906e-11 1.1301e-11 1.3604e-11 1.4743e-11 1.0898e-11 1.0915e-11 7.7689e-12 1.0253e-11 7.0966e-12 5.343e-12 4.2797e-12 4.1866e-12 4.7328e-12 4.2682e-12 3.8377e-12 3.6276e-12 3.9109e-12 2.2744e-12 2.5118e-12 2.4505e-12
2.1612e-11 1.8687e-11 1.4855e-11 1.2652e-11 1.4004e-11 1.1022e-11 1.0605e-11 1.1528e-11 1.5338e-11 1.507e-11 6.199e-12 7.8942e-12 8.0339e-12 6.3529e-12 5.4223e-12 4.1525e-12 4.8188e-12 4.6161e-12 3.8535e-12 3.2922e-12 3.5391e-12 2.5076e-12 2.2674e-12 2.2024e-12
3.3556e-11 1.6864e-11 1.7342e-11 1.5534e-11 1.2427e-11 1.0607e-11 1.2861e-11 9.4376e-12 1.62e-11 1.4998e-11 6.5228e-12 7.4611e-12 7.2329e-12 8.7721e-12 4.5874e-12 4.2858e-12 5.0069e-12 4.1201e-12 4.7223e-12 3.3142e-12 3.1972e-12 2.5666e-12 2.1674e-12 2.1343e-12
2.1612e-11 1.8687e-11 1.4855e-11 1.2652e-11 1.4004e-11 1.1022e-11 1.0605e-11 1.1528e-11 1.5338e-11 1.507e-11 6.199e-12 7.8942e-12 8.0339e-12 6.3529e-12 5.4223e-12 4.1525e-12 4.8188e-12 4.6161e-12 3.8535e-12 3.2922e-12 3.5391e-12 2.5076e-12 2.2674e-12 2.2024e-12
1.6409e-11 1.3061e-11 1.3867e-11 1.3765e-11 1.0906e-11 1.1301e-11 1.3604e-11 1.4743e-11 1.0898e-11 1.0915e-11 7.7689e-12 1.0253e-11 7.0966e-12 5.343e-12 4.2797e-12 4.1866e-12 4.7328e-12 4.2682e-12 3.8377e-12 3.6276e-12 3.9109e-12 2.2744e-12 2.5118e-12 2.4505e-12
1.172e-11 1.1397e-11 1.2552e-11 1.304e-11 1.2426e-11 1.2038e-11 1.3729e-11 1.3908e-11 1.1125e-11 1.1596e-11 9.1585e-12 9.3911e-12 5.624e-12 5.4997e-12 5.4885e-12 5.5832e-12 3.741e-12 3.7338e-12 3.7297e-12 3.7856e-12 2.3722e-12 2.296e-12 3.067e-12 3.1228e-12
1.4791e-11 1.3982e-11 1.2672e-11 1.1261e-11 1.5559e-11 1.384e-11 1.112e-11 1.2537e-11 1.3399e-11 9.872e-12 1.1258e-11 8.2812e-12 4.9111e-12 5.4867e-12 5.5194e-12 4.1802e-12 3.6333e-12 4.3601e-12 3.9631e-12 2.9634e-12 3.5521e-12 2.5081e-12 2.3217e-12 2.3568e-12
3.3556e-11 1.6864e-11 1.7342e-11 1.5534e-11 1.2427e-11 1.0607e-11 1.2861e-11 9.4376e-12 1.62e-11 1.4998e-11 6.5228e-12 7.4611e-12 7.2329e-12 8.7721e-12 4.5874e-12 4.2858e-12 5.0069e-12 4.1201e-12 4.7223e-12 3.3142e-12 3.1972e-12 2.5666e-12 2.1674e-12 2.1343e-12
3.0023e-11 3.282e-11 3.6208e-11 1.2982e-11 1.3373e-11 1.5569e-11 9.5677e-12 9.5e-12 6.1202e-12 6.6591e-12 1.6525e-11 1.601e-11 8.8999e-12 7.7471e-12 4.3971e-12 4.1754e-12 3.8873e-12 5.1428e-12 5.6522e-12 3.1429e-12 3.3619e-12 2.5843e-12 2.124e-12 2.2732e-12
3.3556e-11 1.6864e-11 1.7342e-11 1.5534e-11 1.2427e-11 1.0607e-11 1.2861e-11 9.4376e-12 1.62e-11 1.4998e-11 6.5228e-12 7.4611e-12 7.2329e-12 8.7721e-12 4.5874e-12 4.2858e-12 5.0069e-12 4.1201e-12 4.7223e-12 3.3142e-12 3.1972e-12 2.5666e-12 2.1674e-12 2.1343e-12
1.4791e-11 1.3982e-11 1.2672e-11 1.1261e-11 1.5559e-11 1.384e-11 1.112e-11 1.2537e-11 1.3399e-11 9.872e-12 1.1258e-11 8.2812e-12 4.9111e-12 5.4867e-12 5.5194e-12 4.1802e-12 3.6333e-12 4.3601e-12 3.9631e-12 2.9634e-12 3.5521e-12 2.5081e-12 2.3217e-12 2.3568e-12
1.2678e-11 1.1357e-11 1.2926e-11 1.209e-11 1.2364e-11 1.1131e-11 1.3189e-11 1.3934e-11 1.3725e-11 1.3511e-11 9.0345e-12 8.9148e-12 4.1129e-12 4.3538e-12 5.0559e-12 5.2905e-12 4.423e-12 4.2491e-12 3.4022e-12 3.7911e-12 3.5798e-12 3.4965e-12 2.6255e-12 2.5138e-12
1.6409e-11 1.3061e-11 1.3867e-11 1.3765e-11 1.0906e-11 1.1301e-11 1.3604e-11 1.4743e-11 1.0898e-11 1.0915e-11 7.7689e-12 1.0253e-11 7.0966e-12 5.343e-12 4.2797e-12 4.1866e-12 4.7328e-12 4.2682e-12 3.8377e-12 3.6276e-12 3.9109e-12 2.2744e-12 2.5118e-12 2.4505e-12
2.1612e-11 1.8687e-11 1.4855e-11 1.2652e-11 1.4004e-11 1.1022e-11 1.0605e-11 1.1528e-11 1.5338e-11 1.507e-11 6.199e-12 7.8942e-12 8.0339e-12 6.3529e-12 5.4223e-12 4.1525e-12 4.8188e-12 4.6161e-12 3.8535e-12 3.2922e-12 3.5391e-12 2.5076e-12 2.2674e-12 2.2024e-12
3.3556e-11 1.6864e-11 1.7342e-11 1.5534e-11 1.2427e-11 1.0607e-11 1.2861e-11 9.4376e-12 1.62e-11 1.4998e-11 6.5228e-12 7.4611e-12 7.2329e-12 8.7721e-12 4.5874e-12 4.2858e-12 5.0069e-12 4.1201e-12 4.7223e-12 3.3142e-12 3.1972e-12 2.5666e-12 2.1674e-12 2.1343e-12
2.1612e-11 1.8687e-11 1.4855e-11 1.2652e-11 1.4004e-11 1.1022e-11 1.0605e-11 1.1528e-11 1.5338e-11 1.507e-11 6.199e-12 7.8942e-12 8.0339e-12 6.3529e-12 5.4223e-12 4.1525e-12 4.8188e-12 4.6161e-12 3.8535e-12 3.2922e-12 3.5391e-12 2.5076e-12 2.2674e-12 2.2024e-12
1.6409e-11 1.3061e-11 1.3867e-11 1.3765e-11 1.0906e-11 1.1301e-11 1.3604e-11 1.4743e-11 1.0898e-11 1.0915e-11 7.7689e-12 1.0253e-11 7.0966e-12 5.343e-12 4.2797e-12 4.1866e-12 4.7328e-12 4.2682e-12 3.8377e-12 3.6276e-12 3.9109e-12 2.2744e-12 2.5118e-12 2.4505e-12
1.172e-11 1.1397e-11 1.2552e-11 1.304e-11 1.2426e-11 1.2038e-11 1.3729e-11 1.3908e-11 1.1125e-11 1.1596e-11 9.1585e-12 9.3911e-12 5.624e-12 5.4997e-12 5.4885e-12 5.5832e-12 3.741e-12 3.7338e-12 3.7297e-12 3.7856e-12 2.3722e-12 2.296e-12 3.067e-12 3.1228e-12
1.6119e-11 1.2858e-11 1.2394e-11 1.2381e-11 1.3015e-11 1.3054e-11 1.2975e-11 1.2516e-11 5.9227e-12 1.3103e-11 1.0448e-11 7.6298e-12 7.6669e-12 5.2437e-12 5.7406e-12 5.9797e-12 5.087e-12 3.9492e-12 3.922e-12 4.4699e-12 2.3185e-12 3.2509e-12 3.0426e-12 3.1118e-12
1.6409e-11 1.3061e-11 1.3867e-11 1.3765e-11 1.0906e-11 1.1301e-11 1.3604e-11 1.4743e-11 1.0898e-11 1.0915e-11 7.7689e-12 1.0253e-11 7.0966e-12 5.343e-12 4.2797e-12 4.1866e-12 4.7328e-12 4.2682e-12 3.8377e-12 3.6276e-12 3.9109e-12 2.2744e-12 2.5118e-12 2.4505e-12
1.4791e-11 1.3982e-11 1.2672e-11 1.1261e-11 1.5559e-11 1.384e-11 1.112e-11 1.2537e-11 1.3399e-11 9.872e-12 1.1258e-11 8.2812e-12 4.9111e-12 5.4867e-12 5.5194e-12 4.1802e-12 3.6333e-12 4.3601e-12 3.9631e-12 2.9634e-12 3.5521e-12 2.5081e-12 2.3217e-12 2.3568e-12
1.6409e-11 1.3061e-11 1.3867e-11 1.3765e-11 1.0906e-11 1.1301e-11 1.3604e-11 1.4743e-11 1.0898e-11 1.0915e-11 7.7689e-12 1.0253e-11 7.0966e-12 5.343e-12 4.2797e-12 4.1866e-12 4.7328e-12 4.2682e-12 3.8377e-12 3.6276e-12 3.9109e-12 2.2744e-12 2.5118e-12 2.4505e-12
1.6119e-11 1.2858e-11 1.2394e-11 1.2381e-11 1.3015e-11 1.3054e-11 1.2975e-11 1.2516e-11 5.9227e-12 1.3103e-11 1.0448e-11 7.6298e-12 7.6669e-12 5.2437e-12 5.7406e-12 5.9797e-12 5.087e-12 3.9492e-12 3.922e-12 4.4699e-12 2.3185e-12 3.2509e-12 3.0426e-12 3.1118e-12
1.3212e-11 1.3541e-11 1.1614e-11 1.2662e-11 1.2281e-11 1.3533e-11 1.1837e-11 1.1391e-11 8.381e-12 8.0224e-12 7.2517e-12 7.7779e-12 6.9341e-12 7.0558e-12 5.2278e-12 5.306e-12 4.0568e-12 4.3407e-12 3.9457e-12 3.7006e-12 2.9132e-12 2.7364e-12 3.4394e-12 3.3822e-12
1.3212e-11 1.3541e-11 1.1614e-11 1.2662e-11 1.2281e-11 1.3533e-11 1.1837e-11 1.1391e-11 8.381e-12 8.0224e-12 7.2517e-12 7.7779e-12 6.9341e-12 7.0558e-12 5.2278e-12 5.306e-12 4.0568e-12 4.3407e-12 3.9457e-12 3.7006e-12 2.9132e-12 2.7364e-12 3.4394e-12 3.3822e-12
1.172e-11 1.1397e-11 1.2552e-11 1.304e-11 1.2426e-11 1.2038e-11 1.3729e-11 1.3908e-11 1.1125e-11 1.1596e-11 9.1585e-12 9.3911e-12 5.624e-12 5.4997e-12 5.4885e-12 5.5832e-12 3.741e-12 3.7338e-12 3.7297e-12 3.7856e-12 2.3722e-12 2.296e-12 3.067e-12 3.1228e-12
1.2678e-11 1.1357e-11 1.2926e-11 1.209e-11 1.2364e-11 1.1131e-11 1.3189e-11 1.3934e-11 1.3725e-11 1.3511e-11 9.0345e-12 8.9148e-12 4.1129e-12 4.3538e-12 5.0559e-12 5.2905e-12 4.423e-12 4.2491e-12 3.4022e-12 3.7911e-12 3.5798e-12 3.4965e-12 2.6255e-12 2.5138e-12
1.172e-11 1.1397e-11 1.2552e-11 1.304e-11 1.2426e-11 1.2038e-11 1.3729e-11 1.3908e-11 1.1125e-11 1.1596e-11 9.1585e-12 9.3911e-12 5.624e-12 5.4997e-12 5.4885e-12 5.5832e-12 3.741e-12 3.7338e-12 3.7297e-12 3.7856e-12 2.3722e-12 2.296e-12 3.067e-12 3.1228e-12
1.3212e-11 1.3541e-11 1.1614e-11 1.2662e-11 1.2281e-11 1.3533e-11 1.1837e-11 1.1391e-11 8.381e-12 8.0224e-12 7.2517e-12 7.7779e-12 6.9341e-12 7.0558e-12 5.2278e-12 5.306e-12 4.0568e-12 4.3407e-12 3.9457e-12 3.7006e-12 2.9132e-12 2.7364e-12 3.4394e-12 3.3822e-12
1.2689e-11 1.2698e-11 1.3179e-11 1.3303e-11 1.2148e-11 1.3323e-11 1.1005e-11 1.1246e-11 5.4177e-12 5.6614e-12 5.366e-12 5.5367e-12 7.4929e-12 7.3277e-12 7.7122e-12 8.0324e-12 3.9046e-12 3.7648e-12 4.1056e-12 3.7412e-12 3.5595e-12 3.6526e-12 3.4082e-12 3.1827e-12
1.5346e-11 1.2887e-11 1.1855e-11 1.2983e-11 1.3372e-11 1.269e-11 1.1627e-11 1.1778e-11 6.1897e-12 1.2464e-11 1.1023e-11 7.9127e-12 7.4966e-12 5.5702e-12 5.5297e-12 5.8217e-12 5.7588e-12 4.4142e-12 3.8971e-12 3.9663e-12 2.1188e-12 3.2691e-12 3.0621e-12 3.0126e-12
1.4387e-11 1.4368e-11 1.4262e-11 1.3152e-11 1.0586e-11 1.1188e-11 1.4484e-11 1.4475e-11 1.0457e-11 1.001e-11 7.2092e-12 1.0287e-11 6.8589e-12 5.5071e-12 4.543e-12 4.3489e-12 4.8811e-12 4.2024e-12 3.951e-12 3.6474e-12 3.8759e-12 2.236e-12 2.5292e-12 2.4167e-12
1.4929e-11 1.38e-11 1.2655e-11 1.183e-11 1.359e-11 1.4943e-11 1.0815e-11 1.3822e-11 1.4538e-11 1.032e-11 1.1647e-11 8.686e-12 5.3149e-12 5.2489e-12 6.5569e-12 4.1323e-12 3.8326e-12 3.9533e-12 4.0822e-12 3.0941e-12 3.7004e-12 2.5586e-12 2.3315e-12 2.2809e-12
1.4387e-11 1.4368e-11 1.4262e-11 1.3152e-11 1.0586e-11 1.1188e-11 1.4484e-11 1.4475e-11 1.0457e-11 1.001e-11 7.2092e-12 1.0287e-11 6.8589e-12 5.5071e-12 4.543e-12 4.3489e-12 4.8811e-12 4.2024e-12 3.951e-12 3.6474e-12 3.8759e-12 2.236e-12 2.5292e-12 2.4167e-12
1.5346e-11 1.2887e-11 1.1855e-11 1.2983e-11 1.3372e-11 1.269e-11 1.1627e-11 1.1778e-11 6.1897e-12 1.2464e-11 1.1023e-11 7.9127e-12 7.4966e-12 5.5702e-12 5.5297e-12 5.8217e-12 5.7588e-12 4.4142e-12 3.8971e-12 3.9663e-12 2.1188e-12 3.2691e-12 3.0621e-12 3.0126e-12
1.2998e-11 1.347e-11 1.2971e-11 1.2968e-11 1.1842e-11 1.1686e-11 1.203e-11 1.2181e-11 7.4357e-12 8.1452e-12 7.9873e-12 8.4616e-12 7.0482e-12 7.2031e-12 5.6457e-12 5.5156e-12 4.4918e-12 4.4185e-12 3.8144e-12 3.9018e-12 2.7863e-12 2.6923e-12 3.543e-12 3.5008e-12
1.4387e-11 1.4368e-11 1.4262e-11 1.3152e-11 1.0586e-11 1.1188e-11 1.4484e-11 1.4475e-11 1.0457e-11 1.001e-11 7.2092e-12 1.0287e-11 6.8589e-12 5.5071e-12 4.543e-12 4.3489e-12 4.8811e-12 4.2024e-12 3.951e-12 3.6474e-12 3.8759e-12 2.236e-12 2.5292e-12 2.4167e-12
1.8506e-11 1.8165e-11 1.5256e-11 1.2642e-11 1.5022e-11 1.0438e-11 1.0767e-11 1.2097e-11 1.5382e-11 1.5226e-11 6.7753e-12 8.7268e-12 8.5501e-12 6.5046e-12 5.0484e-12 3.8564e-12 4.6768e-12 4.5807e-12 3.9399e-12 3.3845e-12 3.3317e-12 2.4686e-12 2.2792e-12 2.2436e-12
2.6942e-11 1.6591e-11 1.5219e-11 1.1886e-11 1.5993e-11 1.2899e-11 1.0337e-11 9.588e-12 1.5967e-11 1.5253e-11 6.6476e-12 6.0501e-12 8.6783e-12 8.0887e-12 4.6517e-12 4.3168e-12 4.9055e-12 4.158e-12 4.8251e-12 3.5818e-12 3.3366e-12 2.6652e-12 2.1882e-12 2.0883e-12
1.8506e-11 1.8165e-11 1.5256e-11 1.2642e-11 1.5022e-11 1.0438e-11 1.0767e-11 1.2097e-11 1.5382e-11 1.5226e-11 6.7753e-12 8.7268e-12 8.5501e-12 6.5046e-12 5.0484e-12 3.8564e-12 4.6768e-12 4.5807e-12 3.9399e-12 3.3845e-12 3.3317e-12 2.4686e-12 2.2792e-12 2.2436e-12
1.4387e-11 1.4368e-11 1.4262e-11 1.3152e-11 1.0586e-11 1.1188e-11 1.4484e-11 1.4475e-11 1.0457e-11 1.001e-11 7.2092e-12 1.0287e-11 6.8589e-12 5.5071e-12 4.543e-12 4.3489e-12 4.8811e-12 4.2024e-12 3.951e-12 3.6474e-12 3.8759e-12 2.236e-12 2.5292e-12 2.4167e-12
1.1845e-11 1.145e-11 1.396e-11 1.2801e-11 1.0973e-11 1.1727e-11 1.3119e-11 1.3289e-11 1.2111e-11 1.1112e-11 8.7551e-12 8.8833e-12 5.2774e-12 5.1766e-12 5.5258e-12 5.6594e-12 3.7826e-12 4.0554e-12 3.679e-12 3.7924e-12 2.3793e-12 2.3283e-12 2.8892e-12 3.122e-12
1.4929e-11 1.38e-11 1.2655e-11 1.183e-11 1.359e-11 1.4943e-11 1.0815e-11 1.3822e-11 1.4538e-11 1.032e-11 1.1647e-11 8.686e-12 5.3149e-12 5.2489e-12 6.5569e-12 4.1323e-12 3.8326e-12 3.9533e-12 4.0822e-12 3.0941e-12 3.7004e-12 2.5586e-12 2.3315e-12 2.2809e-12
2.6942e-11 1.6591e-11 1.5219e-11 1.1886e-11 1.5993e-11 1.2899e-11 1.0337e-11 9.588e-12 1.5967e-11 1.5253e-11 6.6476e-12 6.0501e-12 8.6783e-12 8.0887e-12 4.6517e-12 4.3168e-12 4.9055e-12 4.158e-12 4.8251e-12 3.5818e-12 3.3366e-12 2.6652e-12 2.1882e-12 2.0883e-12
2.0398e-11 2.0157e-11 2.617e-11 1.2055e-11 1.3549e-11 1.7719e-11 1.0818e-11 8.7593e-12 6.5662e-12 6.9527e-12 1.7885e-11 1.6633e-11 8.9016e-12 8.5771e-12 4.4181e-12 3.8792e-12 4.2393e-12 5.7923e-12 5.8378e-12 3.553e-12 3.2473e-12 2.7404e-12 2.1254e-12 2.2363e-12
2.6942e-11 1.6591e-11 1.5219e-11 1.1886e-11 1.5993e-11 1.2899e-11 1.0337e-11 9.588e-12 1.5967e-11 1.5253e-11 6.6476e-12 6.0501e-12 8.6783e-12 8.0887e-12 4.6517e-12 4.3168e-12 4.9055e-12 4.158e-12 4.8251e-12 3.5818e-12 3.3366e-12 2.6652e-12 2.1882e-12 2.0883e-12
1.4929e-11 1.38e-11 1.2655e-11 1.183e-11 1.359e-11 1.4943e-11 1.0815e-11 1.3822e-11 1.4538e-11 1.032e-11 1.1647e-11 8.686e-12 5.3149e-12 5.2489e-12 6.5569e-12 4.1323e-12 3.8326e-12 3.9533e-12 4.0822e-12 3.0941e-12 3.7004e-12 2.5586e-12 2.3315e-12 2.2809e-12
1.1602e-11 1.1303e-11 1.2663e-11 1.2376e-11 1.0561e-11 1.1361e-11 1.458e-11 1.5003e-11 1.3665e-11 1.3023e-11 9.5173e-12 8.9959e-12 3.7974e-12 3.7646e-12 5.114e-12 5.2639e-12 4.6608e-12 4.684e-12 3.8545e-12 3.7819e-12 3.5559e-12 3.4148e-12 2.5214e-12 2.578e-12
1.4387e-11 1.4368e-11 1.4262e-11 1.3152e-11 1.0586e-11 1.1188e-11 1.4484e-11 1.4475e-11 1.0457e-11 1.001e-11 7.2092e-12 1.0287e-11 6.8589e-12 5.5071e-12 4.543e-12 4.3489e-12 4.8811e-12 4.2024e-12 3.951e-12 3.6474e-12 3.8759e-12 2.236e-12 2.5292e-12 2.4167e-12
1.8506e-11 1.8165e-11 1.5256e-11 1.2642e-11 1.5022e-11 1.0438e-11 1.0767e-11 1.2097e-11 1.5382e-11 1.5226e-11 6.7753e-12 8.7268e-12 8.5501e-12 6.5046e-12 5.0484e-12 3.8564e-12 4.6768e-12 4.5807e-12 3.9399e-12 3.3845e-12 3.3317e-12 2.4686e-12 2.2792e-12 2.2436e-12
2.6942e-11 1.6591e-11 1.5219e-11 1.1886e-11 1.5993e-11 1.2899e-11 1.0337e-11 9.588e-12 1.5967e-11 1.5253e-11 6.6476e-12 6.0501e-12 8.6783e-12 8.0887e-12 4.6517e-12 4.3168e-12 4.9055e-12 4.158e-12 4.8251e-12 3.5818e-12 3.3366e-12 2.6652e-12 2.1882e-12 2.0883e-12
1.8506e-11 1.8165e-11 1.5256e-11 1.2642e-11 1.5022e-11 1.0438e-11 1.0767e-11 1.2097e-11 1.5382e-11 1.5226e-11 6.7753e-12 8.7268e-12 8.5501e-12 6.5046e-12 5.0484e-12 3.8564e-12 4.6768e-12 4.5807e-12 3.9399e-12 3.3845e-12 3.3317e-12 2.4686e-12 2.2792e-12 2.2436e-12
1.4387e-11 1.4368e-11 1.4262e-11 1.3152e-11 1.0586e-11 1.1188e-11 1.4484e-11 1.4475e-11 1.0457e-11 1.001e-11 7.2092e-12 1.0287e-11 6.8589e-12 5.5071e-12 4.543e-12 4.3489e-12 4.8811e-12 4.2024e-12 3.951e-12 3.6474e-12 3.8759e-12 2.236e-12 2.5292e-12 2.4167e-12
1.1845e-11 1.145e-11 1.396e-11 1.2801e-11 1.0973e-11 1.1727e-11 1.3119e-11 1.3289e-11 1.2111e-11 1.1112e-11 8.7551e-12 8.8833e-12 5.2774e-12 5.1766e-12 5.5258e-12 5.6594e-12 3.7826e-12 4.0554e-12 3.679e-12 3.7924e-12 2.3793e-12 2.3283e-12 2.8892e-12 3.122e-12
1.5346e-11 1.2887e-11 1.1855e-11 1.2983e-11 1.3372e-11 1.269e-11 1.1627e-11 1.1778e-11 6.1897e-12 1.2464e-11 1.1023e-11 7.9127e-12 7.4966e-12 5.5702e-12 5.5297e-12 5.8217e-12 5.7588e-12 4.4142e-12 3.8971e-12 3.9663e-12 2.1188e-12 3.2691e-12 3.0621e-12 3.0126e-12
1.4387e-11 1.4368e-11 1.4262e-11 1.3152e-11 1.0586e-11 1.1188e-11 1.4484e-11 1.4475e-11 1.0457e-11 1.001e-11 7.2092e-12 1.0287e-11 6.8589e-12 5.5071e-12 4.543e-12 4.3489e-12 4.8811e-12 4.2024e-12 3.951e-12 3.6474e-12 3.8759e-12 2.236e-12 2.5292e-12 2.4167e-12
1.4929e-11 1.38e-11 1.2655e-11 1.183e-11 1.359e-11 1.4943e-11 1.0815e-11 1.3822e-11 1.4538e-11 1.032e-11 1.1647e-11 8.686e-12 5.3149e-12 5.2489e-12 6.5569e-12 4.1323e-12 3.8326e-12 3.9533e-12 4.0822e-12 3.0941e-12 3.7004e-12 2.5586e-12 2.3315e-12 2.2809e-12
1.4387e-11 1.4368e-11 1.4262e-11 1.3152e-11 1.0586e-11 1.1188e-11 1.4484e-11 1.4475e-11 1.0457e-11 1.001e-11 7.2092e-12 1.0287e-11 6.8589e-12 5.5071e-12 4.543e-12 4.3489e-12 4.8811e-12 4.2024e-12 3.951e-12 3.6474e-12 3.8759e-12 2.236e-12 2.5292e-12 2.4167e-12
1.5346e-11 1.2887e-11 1.1855e-11 1.2983e-11 1.3372e-11 1.269e-11 1.1627e-11 1.1778e-11 6.1897e-12 1.2464e-11 1.1023e-11 7.9127e-12 7.4966e-12 5.5702e-12 5.5297e-12 5.8217e-12 5.7588e-12 4.4142e-12 3.8971e-12 3.9663e-12 2.1188e-12 3.2691e-12 3.0621e-12 3.0126e-12
1.2998e-11 1.347e-11 1.2971e-11 1.2968e-11 1.1842e-11 1.1686e-11 1.203e-11 1.2181e-11 7.4357e-12 8.1452e-12 7.9873e-12 8.4616e-12 7.0482e-12 7.2031e-12 5.6457e-12 5.5156e-12 4.4918e-12 4.4185e-12 3.8144e-12 3.9018e-12 2.7863e-12 2.6923e-12 3.543e-12 3.5008e-12
1.2998e-11 1.347e-11 1.2971e-11 1.2968e-11 1.1842e-11 1.1686e-11 1.203e-11 1.2181e-11 7.4357e-12 8.1452e-12 7.9873e-12 8.4616e-12 7.0482e-12 7.2031e-12 5.6457e-12 5.5156e-12 4.4918e-12 4.4185e-12 3.8144e-12 3.9018e-12 2.7863e-12 2.6923e-12 3.543e-12 3.5008e-12
1.1845e-11 1.145e-11 1.396e-11 1.2801e-11 1.0973e-11 1.1727e-11 1.3119e-11 1.3289e-11 1.2111e-11 1.1112e-11 8.7551e-12 8.8833e-12 5.2774e-12 5.1766e-12 5.5258e-12 5.6594e-12 3.7826e-12 4.0554e-12 3.679e-12 3.7924e-12 2.3793e-12 2.3283e-12 2.8892e-12 3.122e-12
1.1602e-11 1.1303e-11 1.2663e-11 1.2376e-11 1.0561e-11 1.1361e-11 1.458e-11 1.5003e-11 1.3665e-11 1.3023e-11 9.5173e-12 8.9959e-12 3.7974e-12 3.7646e-12 5.114e-12 5.2639e-12 4.6608e-12 4.684e-12 3.8545e-12 3.7819e-12 3.5559e-12 3.4148e-12 2.5214e-12 2.578e-12
1.1845e-11 1.145e-11 1.396e-11 1.2801e-11 1.0973e-11 1.1727e-11 1.3119e-11 1.3289e-11 1.2111e-11 1.1112e-11 8.7551e-12 8.8833e-12 5.2774e-12 5.1766e-12 5.5258e-12 5.6594e-12 3.7826e-12 4.0554e-12 3.679e-12 3.7924e-12 2.3793e-12 2.3283e-12 2.8892e-12 3.122e-12
1.2998e-11 1.347e-11 1.2971e-11 1.2968e-11 1.1842e-11 1.1686e-11 1.203e-11 1.2181e-11 7.4357e-12 8.1452e-12 7.9873e-12 8.4616e-12 7.0482e-12 7.2031e-12 5.6457e-12 5.5156e-12 4.4918e-12 4.4185e-12 3.8144e-12 3.9018e-12 2.7863e-12 2.6923e-12 3.543e-12 3.5008e-12
1.5955e-11 1.2796e-11 1.2317e-11 1.264e-11 1.2889e-11 1.1946e-11 1.2242e-11 1.322e-11 5.6711e-12 5.9704e-12 4.8353e-12 5.0875e-12 7.579e-12 7.9347e-12 7.1241e-12 8.7711e-12 4.0987e-12 4.0822e-12 3.8803e-12 3.8961e-12 3.9304e-12 3.2155e-12 3.5595e-12 3.8352e-12
1.875e-11 1.191e-11 1.2059e-11 1.287e-11 1.4665e-11 1.3968e-11 1.1821e-11 1.2186e-11 6.1687e-12 1.0682e-11 1.1609e-11 8.6771e-12 7.3689e-12 5.4316e-12 5.8875e-12 5.3964e-12 6.1337e-12 4.5148e-12 3.8033e-12 3.943e-12 2.2748e-12 3.4944e-12 2.9845e-12 2.9737e-12
1.5493e-11 1.416e-11 1.4621e-11 1.3726e-11 1.0395e-11 1.1032e-11 1.4125e-11 1.4363e-11 1.0464e-11 9.9533e-12 7.4606e-12 1.0209e-11 6.7719e-12 5.5885e-12 4.3431e-12 4.0836e-12 5.3978e-12 4.1469e-12 3.604e-12 3.683e-12 3.7498e-12 2.29e-12 2.5326e-12 2.4242e-12
1.4829e-11 1.3759e-11 1.1775e-11 1.0584e-11 1.4408e-11 1.0043e-11 1.5702e-11 1.4537e-11 1.4114e-11 1.0155e-11 1.1524e-11 9.1678e-12 6.0387e-12 5.4386e-12 7.2993e-12 4.0917e-12 3.8508e-12 4.1169e-12 4.5365e-12 3.1608e-12 3.845e-12 2.5154e-12 2.4476e-12 2.3908e-12
1.5493e-11 1.416e-11 1.4621e-11 1.3726e-11 1.0395e-11 1.1032e-11 1.4125e-11 1.4363e-11 1.0464e-11 9.9533e-12 7.4606e-12 1.0209e-11 6.7719e-12 5.5885e-12 4.3431e-12 4.0836e-12 5.3978e-12 4.1469e-12 3.604e-12 3.683e-12 3.7498e-12 2.29e-12 2.5326e-12 2.4242e-12
1.875e-11 1.191e-11 1.2059e-11 1.287e-11 1.4665e-11 1.3968e-11 1.1821e-11 1.2186e-11 6.1687e-12 1.0682e-11 1.1609e-11 8.6771e-12 7.3689e-12 5.4316e-12 5.8875e-12 5.3964e-12 6.1337e-12 4.5148e-12 3.8033e-12 3.943e-12 2.2748e-12 3.4944e-12 2.9845e-12 2.9737e-12
1.3244e-11 1.4801e-11 1.2716e-11 1.2645e-11 1.1588e-11 1.2308e-11 1.1277e-11 1.1648e-11 7.317e-12 7.2911e-12 8.9159e-12 8.9644e-12 6.4835e-12 6.7725e-12 5.227e-12 5.6113e-12 4.86e-12 4.2178e-12 3.7378e-12 3.9874e-12 2.7576e-12 2.7249e-12 3.4389e-12 3.5768e-12
1.5493e-11 1.416e-11 1.4621e-11 1.3726e-11 1.0395e-11 1.1032e-11 1.4125e-11 1.4363e-11 1.0464e-11 9.9533e-12 7.4606e-12 1.0209e-11 6.7719e-12 5.5885e-12 4.3431e-12 4.0836e-12 5.3978e-12 4.1469e-12 3.604e-12 3.683e-12 3.7498e-12 2.29e-12 2.5326e-12 2.4242e-12
1.9086e-11 1.6878e-11 1.5789e-11 1.3541e-11 9.6536e-12 1.0314e-11 1.5859e-11 1.1145e-11 1.4984e-11 1.589e-11 6.4567e-12 8.0587e-12 8.8276e-12 6.3961e-12 4.8301e-12 4.0277e-12 4.6624e-12 4.439e-12 3.8856e-12 3.494e-12 3.3987e-12 2.5577e-12 2.2597e-12 2.2264e-12
1.8328e-11 2.1092e-11 1.4317e-11 1.2394e-11 1.6829e-11 1.0422e-11 1.0044e-11 1.0086e-11 1.6315e-11 1.4463e-11 7.2552e-12 6.7756e-12 8.4997e-12 6.8204e-12 4.8506e-12 4.5982e-12 5.2899e-12 4.051e-12 4.49e-12 3.4691e-12 3.4354e-12 2.5487e-12 2.2383e-12 2.1081e-12
1.9086e-11 1.6878e-11 1.5789e-11 1.3541e-11 9.6536e-12 1.0314e-11 1.5859e-11 1.1145e-11 1.4984e-11 1.589e-11 6.4567e-12 8.0587e-12 8.8276e-12 6.3961e-12 4.8301e-12 4.0277e-12 4.6624e-12 4.439e-12 3.8856e-12 3.494e-12 3.3987e-12 2.5577e-12 2.2597e-12 2.2264e-12
1.5493e-11 1.416e-11 1.4621e-11 1.3726e-11 1.0396e-11 1.1032e-11 1.4125e-11 1.4363e-11 1.0464e-11 9.9531e-12 7.461e-12 1.0209e-11 6.7722e-12 5.5885e-12 4.3431e-12 4.0837e-12 5.3977e-12 4.1468e-12 3.6041e-12 3.6829e-12 3.7498e-12 2.29e-12 2.5325e-12 2.4242e-12
1.1937e-11 1.2036e-11 1.3557e-11 1.2985e-11 1.1318e-11 1.1599e-11 1.3186e-11 1.3787e-11 1.28e-11 1.0731e-11 8.4718e-12 8.3025e-12 5.0951e-12 5.0834e-12 5.8152e-12 5.516e-12 3.933e-12 3.8848e-12 3.8526e-12 3.9009e-12 2.4533e-12 2.3808e-12 3.0709e-12 2.8941e-12
1.4829e-11 1.3759e-11 1.1775e-11 1.0584e-11 1.4408e-11 1.0043e-11 1.5702e-11 1.4537e-11 1.4114e-11 1.0155e-11 1.1524e-11 9.1678e-12 6.0387e-12 5.4386e-12 7.2993e-12 4.0917e-12 3.8508e-12 4.1169e-12 4.5365e-12 3.1608e-12 3.845e-12 2.5154e-12 2.4476e-12 2.3908e-12
1.8328e-11 2.1092e-11 1.4317e-11 1.2394e-11 1.6829e-11 1.0422e-11 1.0044e-11 1.0086e-11 1.6315e-11 1.4463e-11 7.2552e-12 6.7756e-12 8.4997e-12 6.8204e-12 4.8506e-12 4.5982e-12 5.2899e-12 4.051e-12 4.49e-12 3.4691e-12 3.4354e-12 2.5487e-12 2.2383e-12 2.1081e-12
1.9384e-11 1.938e-11 2.4926e-11 1.4932e-11 1.1772e-11 1.8304e-11 8.9675e-12 1.0083e-11 7.578e-12 7.4064e-12 1.6177e-11 1.7957e-11 9.9258e-12 9.225e-12 4.3731e-12 4.1252e-12 4.4408e-12 5.0277e-12 5.1354e-12 2.8187e-12 3.3778e-12 2.7017e-12 1.9607e-12 2.3113e-12
1.8328e-11 2.1092e-11 1.4317e-11 1.2394e-11 1.6829e-11 1.0422e-11 1.0044e-11 1.0086e-11 1.6315e-11 1.4463e-11 7.2552e-12 6.7756e-12 8.4997e-12 6.8204e-12 4.8506e-12 4.5982e-12 5.2899e-12 4.051e-12 4.49e-12 3.4691e-12 3.4354e-12 2.5487e-12 2.2383e-12 2.1081e-12
1.4829e-11 1.3759e-11 1.1775e-11 1.0584e-11 1.4408e-11 1.0043e-11 1.5702e-11 1.4537e-11 1.4114e-11 1.0155e-11 1.1524e-11 9.1678e-12 6.0387e-12 5.4386e-12 7.2993e-12 4.0917e-12 3.8508e-12 4.1169e-12 4.5365e-12 3.1608e-12 3.845e-12 2.5154e-12 2.4476e-12 2.3908e-12
1.134e-11 1.001e-11 1.2229e-11 1.2035e-11 1.0433e-11 1.0852e-11 1.3993e-11 1.3582e-11 1.2686e-11 1.2587e-11 8.5502e-12 9.6638e-12 3.4151e-12 3.9578e-12 5.0151e-12 4.7773e-12 4.4574e-12 4.1725e-12 3.5894e-12 3.7566e-12 3.0956e-12 3.5623e-12 2.6123e-12 2.6806e-12
1.5493e-11 1.416e-11 1.4621e-11 1.3726e-11 1.0395e-11 1.1032e-11 1.4125e-11 1.4363e-11 1.0464e-11 9.9533e-12 7.4606e-12 1.0209e-11 6.7719e-12 5.5885e-12 4.3431e-12 4.0836e-12 5.3978e-12 4.1469e-12 3.604e-12 3.683e-12 3.7498e-12 2.29e-12 2.5326e-12 2.4242e-12
1.9086e-11 1.6878e-11 1.5789e-11 1.3541e-11 9.6536e-12 1.0314e-11 1.5859e-11 1.1145e-11 1.4984e-11 1.589e-11 6.4567e-12 8.0587e-12 8.8276e-12 6.3961e-12 4.8301e-12 4.0277e-12 4.6624e-12 4.439e-12 3.8856e-12 3.494e-12 3.3987e-12 2.5577e-12 2.2597e-12 2.2264e-12
1.8328e-11 2.1092e-11 1.4317e-11 1.2394e-11 1.6829e-11 1.0422e-11 1.0044e-11 1.0086e-11 1.6315e-11 1.4463e-11 7.2552e-12 6.7756e-12 8.4997e-12 6.8204e-12 4.8506e-12 4.5982e-12 5.2899e-12 4.051e-12 4.49e-12 3.4691e-12 3.4354e-12 2.5487e-12 2.2383e-12 2.1081e-12
1.9086e-11 1.6878e-11 1.5789e-11 1.3541e-11 9.6536e-12 1.0314e-11 1.5859e-11 1.1145e-11 1.4984e-11 1.589e-11 6.4567e-12 8.0587e-12 8.8276e-12 6.3961e-12 4.8301e-12 4.0277e-12 4.6624e-12 4.439e-12 3.8856e-12 3.494e-12 3.3987e-12 2.5577e-12 2.2597e-12 2.2264e-12
1.5493e-11 1.416e-11 1.4621e-11 1.3726e-11 1.0395e-11 1.1032e-11 1.4125e-11 1.4363e-11 1.0464e-11 9.9533e-12 7.4606e-12 1.0209e-11 6.7719e-12 5.5885e-12 4.3431e-12 4.0836e-12 5.3978e-12 4.1469e-12 3.604e-12 3.683e-12 3.7498e-12 2.29e-12 2.5326e-12 2.4242e-12
1.1937e-11 1.2036e-11 1.3557e-11 1.2985e-11 1.1318e-11 1.1599e-11 1.3186e-11 1.3787e-11 1.28e-11 1.0731e-11 8.4718e-12 8.3025e-12 5.0951e-12 5.0834e-12 5.8152e-12 5.516e-12 3.933e-12 3.8848e-12 3.8526e-12 3.9009e-12 2.4533e-12 2.3808e-12 3.0709e-12 2.8941e-12
1.875e-11 1.191e-11 1.2059e-11 1.287e-11 1.4665e-11 1.3968e-11 1.1821e-11 1.2186e-11 6.1687e-12 1.0682e-11 1.1609e-11 8.6771e-12 7.3689e-12 5.4316e-12 5.8875e-12 5.3964e-12 6.1337e-12 4.5148e-12 3.8033e-12 3.943e-12 2.2748e-12 3.4944e-12 2.9845e-12 2.9737e-12
1.5493e-11 1.416e-11 1.4621e-11 1.3726e-11 1.0396e-11 1.1032e-11 1.4125e-11 1.4363e-11 1.0464e-11 9.9531e-12 7.461e-12 1.0209e-11 6.7722e-12 5.5885e-12 4.3431e-12 4.0837e-12 5.3977e-12 4.1468e-12 3.6041e-12 3.6829e-12 3.7498e-12 2.29e-12 2.5325e-12 2.4242e-12
1.4829e-11 1.3759e-11 1.1775e-11 1.0584e-11 1.4408e-11 1.0043e-11 1.5702e-11 1.4537e-11 1.4114e-11 1.0155e-11 1.1524e-11 9.1678e-12 6.0387e-12 5.4386e-12 7.2993e-12 4.0917e-12 3.8508e-12 4.1169e-12 4.5365e-12 3.1608e-12 3.845e-12 2.5154e-12 2.4476e-12 2.3908e-12
1.5493e-11 1.416e-11 1.4621e-11 1.3726e-11 1.0395e-11 1.1032e-11 1.4125e-11 1.4363e-11 1.0464e-11 9.9533e-12 7.4606e-12 1.0209e-11 6.7719e-12 5.5885e-12 4.3431e-12 4.0836e-12 5.3978e-12 4.1469e-12 3.604e-12 3.683e-12 3.7498e-12 2.29e-12 2.5326e-12 2.4242e-12
1.875e-11 1.191e-11 1.2059e-11 1.287e-11 1.4665e-11 1.3968e-11 1.1821e-11 1.2186e-11 6.1687e-12 1.0682e-11 1.1609e-11 8.6771e-12 7.3689e-12 5.4316e-12 5.8875e-12 5.3964e-12 6.1337e-12 4.5148e-12 3.8033e-12 3.943e-12 2.2748e-12 3.4944e-12 2.9845e-12 2.9737e-12
1.3244e-11 1.4801e-11 1.2716e-11 1.2645e-11 1.1588e-11 1.2308e-11 1.1277e-11 1.1648e-11 7.317e-12 7.2911e-12 8.9159e-12 8.9644e-12 6.4835e-12 6.7725e-12 5.227e-12 5.6113e-12 4.86e-12 4.2178e-12 3.7378e-12 3.9874e-12 2.7576e-12 2.7249e-12 3.4389e-12 3.5768e-12
1.3244e-11 1.4801e-11 1.2716e-11 1.2645e-11 1.1588e-11 1.2308e-11 1.1277e-11 1.1648e-11 7.317e-12 7.2911e-12 8.9159e-12 8.9644e-12 6.4835e-12 6.7725e-12 5.227e-12 5.6113e-12 4.86e-12 4.2178e-12 3.7378e-12 3.9874e-12 2.7576e-12 2.7249e-12 3.4389e-12 3.5768e-12
1.1937e-11 1.2036e-11 1.3557e-11 1.2985e-11 1.1318e-11 1.1599e-11 1.3186e-11 1.3787e-11 1.28e-11 1.0731e-11 8.4718e-12 8.3025e-12 5.0951e-12 5.0834e-12 5.8152e-12 5.516e-12 3.933e-12 3.8848e-12 3.8526e-12 3.9009e-12 2.4533e-12 2.3808e-12 3.0709e-12 2.8941e-12
1.134e-11 1.001e-11 1.2229e-11 1.2035e-11 1.0433e-11 1.0852e-11 1.3993e-11 1.3582e-11 1.2686e-11 1.2587e-11 8.5502e-12 9.6638e-12 3.4151e-12 3.9578e-12 5.0151e-12 4.7773e-12 4.4574e-12 4.1725e-12 3.5894e-12 3.7566e-12 3.0956e-12 3.5623e-12 2.6123e-12 2.6806e-12
1.1937e-11 1.2036e-11 1.3557e-11 1.2985e-11 1.1318e-11 1.1599e-11 1.3186e-11 1.3787e-11 1.28e-11 1.0731e-11 8.4718e-12 8.3025e-12 5.0951e-12 5.0834e-12 5.8152e-12 5.516e-12 3.933e-12 3.8848e-12 3.8526e-12 3.9009e-12 2.4533e-12 2.3808e-12 3.0709e-12 2.8941e-12
1.3244e-11 1.4801e-11 1.2716e-11 1.2645e-11 1.1588e-11 1.2308e-11 1.1277e-11 1.1648e-11 7.317e-12 7.2911e-12 8.9159e-12 8.9644e-12 6.4835e-12 6.7725e-12 5.227e-12 5.6113e-12 4.86e-12 4.2178e-12 3.7378e-12 3.9874e-12 2.7576e-12 2.7249e-12 3.4389e-12 3.5768e-12
1.2907e-11 1.1365e-11 1.3526e-11 1.1886e-11 1.3284e-11 1.1392e-11 1.1757e-11 1.1188e-11 6.0956e-12 7.2792e-12 7.6635e-12 7.5142e-12 5.1804e-12 5.7088e-12 5.2479e-12 5.2657e-12 3.9765e-12 3.8363e-12 4.0592e-12 3.7117e-12 3.4018e-12 3.3476e-12 3.2325e-12 3.6538e-12
