8.9269e-12 7.203e-12 4.7792e-12 4.2048e-12 3.6186e-12 4.4773e-12 2.9048e-12 3.17e-12 0 1.6471e-12 2.2703e-12 1.6302e-12 1.8318e-12 1.4047e-12 2.4315e-12 1.2274e-12 8.9942e-13 9.9493e-13 5.7305e-13 7.0767e-13 1.2996e-12 1.226e-12 1.8019e-12 1.5909e-12
8.8425e-12 9.3629e-12 7.6739e-12 3.9533e-12 3.7398e-12 2.8833e-12 3.1096e-12 2.2897e-12 1.5468e-12 1.7514e-12 1.5453e-12 2.1481e-12 2.0485e-12 1.2021e-12 1.2626e-12 1.1085e-12 1.0326e-12 1.3083e-12 7.7458e-13 8.8021e-13 9.8283e-13 1.1974e-12 1.3172e-12 1.4227e-12
1.2588e-11 9.8725e-12 6.5515e-12 3.8606e-12 1.7923e-12 2.9486e-12 2.8519e-12 2.929e-12 2.2856e-12 1.4164e-12 2.6322e-12 2.2412e-12 1.1328e-12 1.3406e-12 1.1044e-12 1.4235e-12 1.3377e-12 9.6305e-13 9.2549e-13 7.1086e-13 1.0504e-12 1.2351e-12 1.1483e-12 1.1097e-12
8.8425e-12 9.3629e-12 7.6739e-12 3.9533e-12 3.7398e-12 2.8833e-12 3.1096e-12 2.2897e-12 1.5468e-12 1.7514e-12 1.5453e-12 2.1481e-12 2.0485e-12 1.2021e-12 1.2626e-12 1.1085e-12 1.0326e-12 1.3083e-12 7.7458e-13 8.8021e-13 9.8283e-13 1.1974e-12 1.3172e-12 1.4227e-12
8.9269e-12 7.203e-12 4.7792e-12 4.2048e-12 3.6186e-12 4.4773e-12 2.9048e-12 3.17e-12 0 1.6471e-12 2.2703e-12 1.6302e-12 1.8318e-12 1.4047e-12 2.4315e-12 1.2274e-12 8.9942e-13 9.9493e-13 5.7305e-13 7.0767e-13 1.2996e-12 1.226e-12 1.8019e-12 1.5909e-12
6.4629e-12 6.4156e-12 5.1265e-12 5.2577e-12 4.1602e-12 4.2169e-12 3.4766e-12 3.4216e-12 1.3759e-12 1.3918e-12 1.4477e-12 1.559e-12 1.5437e-12 1.7987e-12 1.3959e-12 1.4054e-12 7.1438e-13 6.7258e-13 6.6577e-13 6.3509e-13 1.5465e-12 1.5818e-12 1.6971e-12 1.6979e-12
8.8425e-12 9.3629e-12 7.6739e-12 3.9533e-12 3.7398e-12 2.8833e-12 3.1096e-12 2.2897e-12 1.5468e-12 1.7514e-12 1.5453e-12 2.1481e-12 2.0485e-12 1.2021e-12 1.2626e-12 1.1085e-12 1.0326e-12 1.3083e-12 7.7458e-13 8.8021e-13 9.8283e-13 1.1974e-12 1.3172e-12 1.4227e-12
1.4673e-11 1.5589e-11 1.0308e-11 8.0354e-12 1.9069e-12 2.7201e-12 3.7181e-12 1.808e-12 2.3816e-12 3.0744e-12 1.25e-12 2.3965e-12 2.4792e-12 1.1682e-12 7.7734e-13 1.3198e-12 1.8185e-12 1.4772e-12 7.5344e-13 7.6987e-13 8.2949e-13 1.2763e-12 1.5509e-12 1.3791e-12
2.3769e-11 1.3949e-11 1.3749e-11 5.2226e-12 3.9337e-12 2.3257e-12 3.2537e-12 2.5607e-12 3.0237e-12 2.4071e-12 1.1756e-12 1.399e-12 2.6956e-12 2.6848e-12 9.0634e-13 1.3163e-12 2.0462e-12 6.8768e-13 1.7959e-12 7.899e-13 8.8579e-13 1.4176e-12 1.4585e-12 1.6076e-12
1.4673e-11 1.5589e-11 1.0308e-11 8.0354e-12 1.9069e-12 2.7201e-12 3.7181e-12 1.808e-12 2.3816e-12 3.0744e-12 1.25e-12 2.3965e-12 2.4792e-12 1.1682e-12 7.7734e-13 1.3198e-12 1.8185e-12 1.4772e-12 7.5344e-13 7.6987e-13 8.2949e-13 1.2763e-12 1.5509e-12 1.3791e-12
8.8425e-12 9.3629e-12 7.6739e-12 3.9533e-12 3.7398e-12 2.8833e-12 3.1096e-12 2.2897e-12 1.5468e-12 1.7514e-12 1.5453e-12 2.1481e-12 2.0485e-12 1.2021e-12 1.2626e-12 1.1085e-12 1.0326e-12 1.3083e-12 7.7458e-13 8.8021e-13 9.8283e-13 1.1974e-12 1.3172e-12 1.4227e-12
5.7579e-12 5.3457e-12 4.4314e-12 4.8985e-12 3.4912e-12 3.4685e-12 2.8813e-12 2.8694e-12 1.6202e-12 1.6678e-12 1.9032e-12 2.0112e-12 1.413e-12 1.4358e-12 1.3147e-12 1.4116e-12 1.0655e-12 1.0825e-12 9.6563e-13 9.5675e-13 1.1383e-12 1.1545e-12 1.1235e-12 1.2384e-12
1.2588e-11 9.8725e-12 6.5515e-12 3.8606e-12 1.7923e-12 2.9486e-12 2.8519e-12 2.929e-12 2.2856e-12 1.4164e-12 2.6322e-12 2.2412e-12 1.1328e-12 1.3406e-12 1.1044e-12 1.4235e-12 1.3377e-12 9.6305e-13 9.2549e-13 7.1086e-13 1.0504e-12 1.2351e-12 1.1483e-12 1.1097e-12
2.3769e-11 1.3949e-11 1.3749e-11 5.2226e-12 3.9337e-12 2.3257e-12 3.2537e-12 2.5607e-12 3.0237e-12 2.4071e-12 1.1756e-12 1.399e-12 2.6956e-12 2.6848e-12 9.0634e-13 1.3163e-12 2.0462e-12 6.8768e-13 1.7959e-12 7.899e-13 8.8579e-13 1.4176e-12 1.4585e-12 1.6076e-12
1.8554e-11 1.6349e-11 1.6136e-11 6.9916e-12 8.1611e-12 3.7472e-12 1.9734e-12 3.6669e-12 1.2739e-12 1.3583e-12 3.0396e-12 2.6192e-12 2.7962e-12 3.1944e-12 1.3372e-12 1.3285e-12 0 3.036e-12 2.0103e-12 8.3322e-13 8.2904e-13 1.4088e-12 1.7727e-12 1.9206e-12
2.3769e-11 1.3949e-11 1.3749e-11 5.2226e-12 3.9337e-12 2.3257e-12 3.2537e-12 2.5607e-12 3.0237e-12 2.4071e-12 1.1756e-12 1.399e-12 2.6956e-12 2.6848e-12 9.0634e-13 1.3163e-12 2.0462e-12 6.8768e-13 1.7959e-12 7.899e-13 8.8579e-13 1.4176e-12 1.4585e-12 1.6076e-12
1.2588e-11 9.8725e-12 6.5515e-12 3.8606e-12 1.7923e-12 2.9486e-12 2.8519e-12 2.929e-12 2.2856e-12 1.4164e-12 2.6322e-12 2.2412e-12 1.1328e-12 1.3406e-12 1.1044e-12 1.4235e-12 1.3377e-12 9.6305e-13 9.2549e-13 7.1086e-13 1.0504e-12 1.2351e-12 1.1483e-12 1.1097e-12
6.1906e-12 6.0418e-12 4.0342e-12 3.6063e-12 3.2957e-12 3.516e-12 2.2582e-12 2.3256e-12 2.0207e-12 1.9683e-12 1.895e-12 1.9455e-12 1.2863e-12 1.3607e-12 9.6977e-13 1.0521e-12 1.0556e-12 1.0329e-12 9.4107e-13 9.3969e-13 1.2151e-12 1.1421e-12 1.0924e-12 1.0928e-12
8.8425e-12 9.3629e-12 7.6739e-12 3.9533e-12 3.7398e-12 2.8833e-12 3.1096e-12 2.2897e-12 1.5468e-12 1.7514e-12 1.5453e-12 2.1481e-12 2.0485e-12 1.2021e-12 1.2626e-12 1.1085e-12 1.0326e-12 1.3083e-12 7.7458e-13 8.8021e-13 9.8283e-13 1.1974e-12 1.3172e-12 1.4227e-12
1.4673e-11 1.5589e-11 1.0308e-11 8.0354e-12 1.9069e-12 2.7201e-12 3.7181e-12 1.808e-12 2.3816e-12 3.0744e-12 1.25e-12 2.3965e-12 2.4792e-12 1.1682e-12 7.7734e-13 1.3198e-12 1.8185e-12 1.4772e-12 7.5344e-13 7.6987e-13 8.2949e-13 1.2763e-12 1.5509e-12 1.3791e-12
2.3769e-11 1.3949e-11 1.3749e-11 5.2226e-12 3.9337e-12 2.3257e-12 3.2537e-12 2.5607e-12 3.0237e-12 2.4071e-12 1.1756e-12 1.399e-12 2.6956e-12 2.6848e-12 9.0634e-13 1.3163e-12 2.0462e-12 6.8768e-13 1.7959e-12 7.899e-13 8.8579e-13 1.4176e-12 1.4585e-12 1.6076e-12
1.4673e-11 1.5589e-11 1.0308e-11 8.0354e-12 1.9069e-12 2.7201e-12 3.7181e-12 1.808e-12 2.3816e-12 3.0744e-12 1.25e-12 2.3965e-12 2.4792e-12 1.1682e-12 7.7734e-13 1.3198e-12 1.8185e-12 1.4772e-12 7.5344e-13 7.6987e-13 8.2949e-13 1.2763e-12 1.5509e-12 1.3791e-12
8.8425e-12 9.3629e-12 7.6739e-12 3.9533e-12 3.7398e-12 2.8833e-12 3.1096e-12 2.2897e-12 1.5468e-12 1.7514e-12 1.5453e-12 2.1481e-12 2.0485e-12 1.2021e-12 1.2626e-12 1.1085e-12 1.0326e-12 1.3083e-12 7.7458e-13 8.8021e-13 9.8283e-13 1.1974e-12 1.3172e-12 1.4227e-12
5.7579e-12 5.3457e-12 4.4314e-12 4.8985e-12 3.4912e-12 3.4685e-12 2.8813e-12 2.8694e-12 1.6202e-12 1.6678e-12 1.9032e-12 2.0112e-12 1.413e-12 1.4358e-12 1.3147e-12 1.4116e-12 1.0655e-12 1.0825e-12 9.6563e-13 9.5675e-13 1.1383e-12 1.1545e-12 1.1235e-12 1.2384e-12
8.9269e-12 7.203e-12 4.7792e-12 4.2048e-12 3.6186e-12 4.4773e-12 2.9048e-12 3.17e-12 0 1.6471e-12 2.2703e-12 1.6302e-12 1.8318e-12 1.4047e-12 2.4315e-12 1.2274e-12 8.9942e-13 9.9493e-13 5.7305e-13 7.0767e-13 1.2996e-12 1.226e-12 1.8019e-12 1.5909e-12
8.8425e-12 9.3629e-12 7.6739e-12 3.9533e-12 3.7398e-12 2.8833e-12 3.1096e-12 2.2897e-12 1.5468e-12 1.7514e-12 1.5453e-12 2.1481e-12 2.0485e-12 1.2021e-12 1.2626e-12 1.1085e-12 1.0326e-12 1.3083e-12 7.7458e-13 8.8021e-13 9.8283e-13 1.1974e-12 1.3172e-12 1.4227e-12
1.2588e-11 9.8725e-12 6.5515e-12 3.8606e-12 1.7923e-12 2.9486e-12 2.8519e-12 2.929e-12 2.2856e-12 1.4164e-12 2.6322e-12 2.2412e-12 1.1328e-12 1.3406e-12 1.1044e-12 1.4235e-12 1.3377e-12 9.6305e-13 9.2549e-13 7.1086e-13 1.0504e-12 1.2351e-12 1.1483e-12 1.1097e-12
8.8425e-12 9.3629e-12 7.6739e-12 3.9533e-12 3.7398e-12 2.8833e-12 3.1096e-12 2.2897e-12 1.5468e-12 1.7514e-12 1.5453e-12 2.1481e-12 2.0485e-12 1.2021e-12 1.2626e-12 1.1085e-12 1.0326e-12 1.3083e-12 7.7458e-13 8.8021e-13 9.8283e-13 1.1974e-12 1.3172e-12 1.4227e-12
8.9269e-12 7.203e-12 4.7792e-12 4.2048e-12 3.6186e-12 4.4773e-12 2.9048e-12 3.17e-12 0 1.6471e-12 2.2703e-12 1.6302e-12 1.8318e-12 1.4047e-12 2.4315e-12 1.2274e-12 8.9942e-13 9.9493e-13 5.7305e-13 7.0767e-13 1.2996e-12 1.226e-12 1.8019e-12 1.5909e-12
6.4629e-12 6.4156e-12 5.1265e-12 5.2577e-12 4.1602e-12 4.2169e-12 3.4766e-12 3.4216e-12 1.3759e-12 1.3918e-12 1.4477e-12 1.559e-12 1.5437e-12 1.7987e-12 1.3959e-12 1.4054e-12 7.1438e-13 6.7258e-13 6.6577e-13 6.3509e-13 1.5465e-12 1.5818e-12 1.6971e-12 1.6979e-12
6.4629e-12 6.4156e-12 5.1265e-12 5.2577e-12 4.1602e-12 4.2169e-12 3.4766e-12 3.4216e-12 1.3759e-12 1.3918e-12 1.4477e-12 1.559e-12 1.5437e-12 1.7987e-12 1.3959e-12 1.4054e-12 7.1438e-13 6.7258e-13 6.6577e-13 6.3509e-13 1.5465e-12 1.5818e-12 1.6971e-12 1.6979e-12
5.7579e-12 5.3457e-12 4.4314e-12 4.8985e-12 3.4912e-12 3.4685e-12 2.8813e-12 2.8694e-12 1.6202e-12 1.6678e-12 1.9032e-12 2.0112e-12 1.413e-12 1.4358e-12 1.3147e-12 1.4116e-12 1.0655e-12 1.0825e-12 9.6563e-13 9.5675e-13 1.1383e-12 1.1545e-12 1.1235e-12 1.2384e-12
6.1906e-12 6.0418e-12 4.0342e-12 3.6063e-12 3.2957e-12 3.516e-12 2.2582e-12 2.3256e-12 2.0207e-12 1.9683e-12 1.895e-12 1.9455e-12 1.2863e-12 1.3607e-12 9.6977e-13 1.0521e-12 1.0556e-12 1.0329e-12 9.4107e-13 9.3969e-13 1.2151e-12 1.1421e-12 1.0924e-12 1.0928e-12
5.7579e-12 5.3457e-12 4.4314e-12 4.8985e-12 3.4912e-12 3.4685e-12 2.8813e-12 2.8694e-12 1.6202e-12 1.6678e-12 1.9032e-12 2.0112e-12 1.413e-12 1.4358e-12 1.3147e-12 1.4116e-12 1.0655e-12 1.0825e-12 9.6563e-13 9.5675e-13 1.1383e-12 1.1545e-12 1.1235e-12 1.2384e-12
6.4629e-12 6.4156e-12 5.1265e-12 5.2577e-12 4.1602e-12 4.2169e-12 3.4766e-12 3.4216e-12 1.3759e-12 1.3918e-12 1.4477e-12 1.559e-12 1.5437e-12 1.7987e-12 1.3959e-12 1.4054e-12 7.1438e-13 6.7258e-13 6.6577e-13 6.3509e-13 1.5465e-12 1.5818e-12 1.6971e-12 1.6979e-12
6.3228e-12 6.8266e-12 6.3991e-12 6.3578e-12 3.7602e-12 3.7397e-12 3.806e-12 4.2817e-12 3.9359e-12 3.8185e-12 0 0 1.5522e-12 1.4817e-12 1.6143e-12 1.6461e-12 0 0 6.6628e-13 5.6489e-13 1.9133e-12 1.96e-12 1.7937e-12 1.9338e-12
8.6995e-12 6.7061e-12 4.2635e-12 3.6179e-12 3.6606e-12 4.5727e-12 2.9954e-12 3.3352e-12 0 1.3928e-12 2.3102e-12 1.6833e-12 1.9854e-12 1.4093e-12 2.4118e-12 1.2252e-12 8.2721e-13 6.1775e-13 7.5227e-13 9.3686e-13 1.2904e-12 1.288e-12 1.8707e-12 1.6123e-12
8.7277e-12 8.9063e-12 6.9852e-12 3.5354e-12 3.8392e-12 2.9453e-12 3.1131e-12 2.4569e-12 1.3625e-12 1.6173e-12 1.4712e-12 2.1688e-12 2.113e-12 1.1951e-12 1.2981e-12 1.0561e-12 9.0157e-13 1.3292e-12 8.261e-13 8.4405e-13 1.0006e-12 1.1911e-12 1.3109e-12 1.4067e-12
1.068e-11 8.503e-12 7.2145e-12 3.7533e-12 2.8901e-12 1.6781e-12 2.8798e-12 2.7511e-12 2.1281e-12 1.4087e-12 2.5853e-12 2.3686e-12 1.2001e-12 1.2923e-12 9.8313e-13 1.4514e-12 1.2865e-12 9.961e-13 9.9163e-13 7.5919e-13 1.0024e-12 1.1851e-12 1.1664e-12 1.1141e-12
8.7277e-12 8.9063e-12 6.9852e-12 3.5354e-12 3.8392e-12 2.9453e-12 3.1131e-12 2.4569e-12 1.3625e-12 1.6173e-12 1.4712e-12 2.1688e-12 2.113e-12 1.1951e-12 1.2981e-12 1.0561e-12 9.0157e-13 1.3292e-12 8.261e-13 8.4405e-13 1.0006e-12 1.1911e-12 1.3109e-12 1.4067e-12
8.6995e-12 6.7061e-12 4.2635e-12 3.6179e-12 3.6606e-12 4.5727e-12 2.9954e-12 3.3352e-12 0 1.3928e-12 2.3102e-12 1.6833e-12 1.9854e-12 1.4093e-12 2.4118e-12 1.2252e-12 8.2721e-13 6.1775e-13 7.5227e-13 9.3686e-13 1.2904e-12 1.288e-12 1.8707e-12 1.6123e-12
6.4081e-12 6.4445e-12 5.0965e-12 4.7214e-12 3.9782e-12 4.1179e-12 3.2212e-12 3.3431e-12 1.3894e-12 1.4463e-12 1.4133e-12 1.4934e-12 1.6283e-12 1.781e-12 1.3755e-12 1.4219e-12 7.197e-13 7.1395e-13 7.293e-13 7.1893e-13 1.5466e-12 1.5892e-12 1.685e-12 1.6777e-12
8.7277e-12 8.9063e-12 6.9852e-12 3.5354e-12 3.8392e-12 2.9453e-12 3.1131e-12 2.4569e-12 1.3625e-12 1.6173e-12 1.4712e-12 2.1688e-12 2.113e-12 1.1951e-12 1.2981e-12 1.0561e-12 9.0157e-13 1.3292e-12 8.261e-13 8.4405e-13 1.0006e-12 1.1911e-12 1.3109e-12 1.4067e-12
1.5984e-11 1.7572e-11 1.0093e-11 5.3298e-12 2.2492e-12 2.7794e-12 3.7589e-12 1.7081e-12 2.4928e-12 3.2083e-12 1.193e-12 2.4755e-12 2.4443e-12 1.1125e-12 7.6363e-13 1.2642e-12 1.8343e-12 1.4504e-12 8.4747e-13 7.8858e-13 8.2974e-13 1.2751e-12 1.548e-12 1.3658e-12
2.8427e-11 1.3589e-11 1.0356e-11 5.433e-12 4.0591e-12 3.2935e-12 2.0286e-12 2.6276e-12 3.0223e-12 2.577e-12 1.3485e-12 1.1519e-12 2.5436e-12 2.6388e-12 8.9604e-13 1.2505e-12 1.8672e-12 7.8868e-13 1.7626e-12 8.3589e-13 9.223e-13 1.3531e-12 1.4376e-12 1.5878e-12
1.5984e-11 1.7572e-11 1.0093e-11 5.3298e-12 2.2492e-12 2.7794e-12 3.7589e-12 1.7081e-12 2.4928e-12 3.2083e-12 1.193e-12 2.4755e-12 2.4443e-12 1.1125e-12 7.6363e-13 1.2642e-12 1.8343e-12 1.4504e-12 8.4747e-13 7.8858e-13 8.2974e-13 1.2751e-12 1.548e-12 1.3658e-12
8.7277e-12 8.9063e-12 6.9852e-12 3.5354e-12 3.8392e-12 2.9453e-12 3.1131e-12 2.4569e-12 1.3625e-12 1.6173e-12 1.4712e-12 2.1688e-12 2.113e-12 1.1951e-12 1.2981e-12 1.0561e-12 9.0157e-13 1.3292e-12 8.261e-13 8.4405e-13 1.0006e-12 1.1911e-12 1.3109e-12 1.4067e-12
5.3602e-12 5.6153e-12 4.57e-12 4.8337e-12 3.4781e-12 3.5694e-12 2.8988e-12 2.8057e-12 1.5229e-12 1.5805e-12 1.8974e-12 2.2372e-12 1.3908e-12 1.434e-12 1.3374e-12 1.3882e-12 1.0317e-12 1.0302e-12 9.2859e-13 9.3821e-13 1.1894e-12 1.1266e-12 1.1437e-12 1.2435e-12
1.068e-11 8.503e-12 7.2145e-12 3.7533e-12 2.8901e-12 1.6781e-12 2.8798e-12 2.7511e-12 2.1281e-12 1.4087e-12 2.5853e-12 2.3686e-12 1.2001e-12 1.2923e-12 9.8313e-13 1.4514e-12 1.2865e-12 9.961e-13 9.9163e-13 7.5919e-13 1.0024e-12 1.1851e-12 1.1664e-12 1.1141e-12
2.8427e-11 1.3589e-11 1.0356e-11 5.433e-12 4.0591e-12 3.2935e-12 2.0286e-12 2.6276e-12 3.0223e-12 2.577e-12 1.3485e-12 1.1519e-12 2.5436e-12 2.6388e-12 8.9604e-13 1.2505e-12 1.8672e-12 7.8868e-13 1.7626e-12 8.3589e-13 9.223e-13 1.3531e-12 1.4376e-12 1.5878e-12
2.2683e-11 2.7114e-11 2.2109e-11 5.9069e-12 5.2053e-12 2.4724e-12 1.9652e-12 3.2182e-12 1.2149e-12 1.3766e-12 2.9609e-12 2.5901e-12 2.7701e-12 2.701e-12 5.9536e-13 1.2743e-12 1.2441e-12 2.6427e-12 1.9259e-12 9.3504e-13 8.7392e-13 1.4048e-12 1.8766e-12 1.8817e-12
2.8427e-11 1.3589e-11 1.0356e-11 5.433e-12 4.0591e-12 3.2935e-12 2.0286e-12 2.6276e-12 3.0223e-12 2.577e-12 1.3485e-12 1.1519e-12 2.5436e-12 2.6388e-12 8.9604e-13 1.2505e-12 1.8672e-12 7.8868e-13 1.7626e-12 8.3589e-13 9.223e-13 1.3531e-12 1.4376e-12 1.5878e-12
1.068e-11 8.503e-12 7.2145e-12 3.7533e-12 2.8901e-12 1.6781e-12 2.8798e-12 2.7511e-12 2.1281e-12 1.4087e-12 2.5853e-12 2.3686e-12 1.2001e-12 1.2923e-12 9.8313e-13 1.4514e-12 1.2865e-12 9.961e-13 9.9163e-13 7.5919e-13 1.0024e-12 1.1851e-12 1.1664e-12 1.1141e-12
6.0796e-12 6.3941e-12 3.7482e-12 3.8144e-12 3.3551e-12 3.4004e-12 1.9834e-12 1.845e-12 2.1888e-12 2.1034e-12 1.9335e-12 2.1229e-12 1.2452e-12 1.3311e-12 1.0733e-12 1.1256e-12 1.0395e-12 1.0503e-12 9.351e-13 9.7229e-13 1.1973e-12 1.1e-12 1.163e-12 1.079e-12
8.7277e-12 8.9063e-12 6.9852e-12 3.5354e-12 3.8392e-12 2.9453e-12 3.1131e-12 2.4569e-12 1.3625e-12 1.6173e-12 1.4712e-12 2.1688e-12 2.113e-12 1.1951e-12 1.2981e-12 1.0561e-12 9.0157e-13 1.3292e-12 8.261e-13 8.4405e-13 1.0006e-12 1.1911e-12 1.3109e-12 1.4067e-12
1.5984e-11 1.7572e-11 1.0093e-11 5.3298e-12 2.2492e-12 2.7794e-12 3.7589e-12 1.7081e-12 2.4928e-12 3.2083e-12 1.193e-12 2.4755e-12 2.4443e-12 1.1125e-12 7.6363e-13 1.2642e-12 1.8343e-12 1.4504e-12 8.4747e-13 7.8858e-13 8.2974e-13 1.2751e-12 1.548e-12 1.3658e-12
2.8427e-11 1.3589e-11 1.0356e-11 5.433e-12 4.0591e-12 3.2935e-12 2.0286e-12 2.6276e-12 3.0223e-12 2.577e-12 1.3485e-12 1.1519e-12 2.5436e-12 2.6388e-12 8.9604e-13 1.2505e-12 1.8672e-12 7.8868e-13 1.7626e-12 8.3589e-13 9.223e-13 1.3531e-12 1.4376e-12 1.5878e-12
1.5984e-11 1.7572e-11 1.0093e-11 5.3298e-12 2.2492e-12 2.7794e-12 3.7589e-12 1.7081e-12 2.4928e-12 3.2083e-12 1.193e-12 2.4755e-12 2.4443e-12 1.1125e-12 7.6363e-13 1.2642e-12 1.8343e-12 1.4504e-12 8.4747e-13 7.8858e-13 8.2974e-13 1.2751e-12 1.548e-12 1.3658e-12
8.7277e-12 8.9063e-12 6.9852e-12 3.5354e-12 3.8392e-12 2.9453e-12 3.1131e-12 2.4569e-12 1.3625e-12 1.6173e-12 1.4712e-12 2.1688e-12 2.113e-12 1.1951e-12 1.2981e-12 1.0561e-12 9.0157e-13 1.3292e-12 8.261e-13 8.4405e-13 1.0006e-12 1.1911e-12 1.3109e-12 1.4067e-12
5.3602e-12 5.6153e-12 4.57e-12 4.8337e-12 3.4781e-12 3.5694e-12 2.8988e-12 2.8057e-12 1.5229e-12 1.5805e-12 1.8974e-12 2.2372e-12 1.3908e-12 1.434e-12 1.3374e-12 1.3882e-12 1.0317e-12 1.0302e-12 9.2859e-13 9.3821e-13 1.1894e-12 1.1266e-12 1.1437e-12 1.2435e-12
8.6995e-12 6.7061e-12 4.2635e-12 3.6179e-12 3.6606e-12 4.5727e-12 2.9954e-12 3.3352e-12 0 1.3928e-12 2.3102e-12 1.6833e-12 1.9854e-12 1.4093e-12 2.4118e-12 1.2252e-12 8.2721e-13 6.1775e-13 7.5227e-13 9.3686e-13 1.2904e-12 1.288e-12 1.8707e-12 1.6123e-12
8.7277e-12 8.9063e-12 6.9852e-12 3.5354e-12 3.8392e-12 2.9453e-12 3.1131e-12 2.4569e-12 1.3625e-12 1.6173e-12 1.4712e-12 2.1688e-12 2.113e-12 1.1951e-12 1.2981e-12 1.0561e-12 9.0157e-13 1.3292e-12 8.261e-13 8.4405e-13 1.0006e-12 1.1911e-12 1.3109e-12 1.4067e-12
1.068e-11 8.503e-12 7.2145e-12 3.7533e-12 2.8901e-12 1.6781e-12 2.8798e-12 2.7511e-12 2.1281e-12 1.4087e-12 2.5853e-12 2.3686e-12 1.2001e-12 1.2923e-12 9.8313e-13 1.4514e-12 1.2865e-12 9.961e-13 9.9163e-13 7.5919e-13 1.0024e-12 1.1851e-12 1.1664e-12 1.1141e-12
8.7277e-12 8.9063e-12 6.9852e-12 3.5354e-12 3.8392e-12 2.9453e-12 3.1131e-12 2.4569e-12 1.3625e-12 1.6173e-12 1.4712e-12 2.1688e-12 2.113e-12 1.1951e-12 1.2981e-12 1.0561e-12 9.0157e-13 1.3292e-12 8.261e-13 8.4405e-13 1.0006e-12 1.1911e-12 1.3109e-12 1.4067e-12
8.6995e-12 6.7061e-12 4.2635e-12 3.6179e-12 3.6606e-12 4.5727e-12 2.9954e-12 3.3352e-12 0 1.3928e-12 2.3102e-12 1.6833e-12 1.9854e-12 1.4093e-12 2.4118e-12 1.2252e-12 8.2721e-13 6.1775e-13 7.5227e-13 9.3686e-13 1.2904e-12 1.288e-12 1.8707e-12 1.6123e-12
6.4081e-12 6.4445e-12 5.0965e-12 4.7214e-12 3.9782e-12 4.1179e-12 3.2212e-12 3.3431e-12 1.3894e-12 1.4463e-12 1.4133e-12 1.4934e-12 1.6283e-12 1.781e-12 1.3755e-12 1.4219e-12 7.197e-13 7.1395e-13 7.293e-13 7.1893e-13 1.5466e-12 1.5892e-12 1.685e-12 1.6777e-12
6.4081e-12 6.4445e-12 5.0965e-12 4.7214e-12 3.9782e-12 4.1179e-12 3.2212e-12 3.3431e-12 1.3894e-12 1.4463e-12 1.4133e-12 1.4934e-12 1.6283e-12 1.781e-12 1.3755e-12 1.4219e-12 7.197e-13 7.1395e-13 7.293e-13 7.1893e-13 1.5466e-12 1.5892e-12 1.685e-12 1.6777e-12
5.3602e-12 5.6153e-12 4.57e-12 4.8337e-12 3.4781e-12 3.5694e-12 2.8988e-12 2.8057e-12 1.5229e-12 1.5805e-12 1.8974e-12 2.2372e-12 1.3908e-12 1.434e-12 1.3374e-12 1.3882e-12 1.0317e-12 1.0302e-12 9.2859e-13 9.3821e-13 1.1894e-12 1.1266e-12 1.1437e-12 1.2435e-12
6.0796e-12 6.3941e-12 3.7482e-12 3.8144e-12 3.3551e-12 3.4004e-12 1.9834e-12 1.845e-12 2.1888e-12 2.1034e-12 1.9335e-12 2.1229e-12 1.2452e-12 1.3311e-12 1.0733e-12 1.1256e-12 1.0395e-12 1.0503e-12 9.351e-13 9.7229e-13 1.1973e-12 1.1e-12 1.163e-12 1.079e-12
5.3602e-12 5.6153e-12 4.57e-12 4.8337e-12 3.4781e-12 3.5694e-12 2.8988e-12 2.8057e-12 1.5229e-12 1.5805e-12 1.8974e-12 2.2372e-12 1.3908e-12 1.434e-12 1.3374e-12 1.3882e-12 1.0317e-12 1.0302e-12 9.2859e-13 9.3821e-13 1.1894e-12 1.1266e-12 1.1437e-12 1.2435e-12
6.4081e-12 6.4445e-12 5.0965e-12 4.7214e-12 3.9782e-12 4.1179e-12 3.2212e-12 3.3431e-12 1.3894e-12 1.4463e-12 1.4133e-12 1.4934e-12 1.6283e-12 1.781e-12 1.3755e-12 1.4219e-12 7.197e-13 7.1395e-13 7.293e-13 7.1893e-13 1.5466e-12 1.5892e-12 1.685e-12 1.6777e-12
6.5194e-12 6.5273e-12 5.9953e-12 6.5179e-12 4.0538e-12 3.8598e-12 3.7603e-12 4.1684e-12 3.5821e-12 3.1836e-12 0 0 1.742e-12 1.5963e-12 1.6803e-12 1.8204e-12 6.0727e-13 0 7.3867e-13 6.1056e-13 1.995e-12 1.8984e-12 1.8943e-12 1.9039e-12
8.7872e-12 6.1673e-12 4.598e-12 3.7469e-12 3.85e-12 4.4558e-12 3.0674e-12 3.4294e-12 0 1.1977e-12 2.3279e-12 1.6716e-12 1.9882e-12 1.38e-12 2.3641e-12 1.2261e-12 7.456e-13 6.4567e-13 8.076e-13 8.8678e-13 1.325e-12 1.2668e-12 1.883e-12 1.5666e-12
9.798e-12 8.8346e-12 6.0754e-12 3.7734e-12 3.9463e-12 2.8455e-12 3.0349e-12 1.3142e-12 2.5523e-12 1.5258e-12 1.3848e-12 2.121e-12 2.1187e-12 1.2206e-12 1.2969e-12 9.8137e-13 7.8133e-13 1.3214e-12 9.1073e-13 7.7951e-13 1.0702e-12 1.1971e-12 1.3038e-12 1.4145e-12
9.9481e-12 9.3667e-12 8.3099e-12 3.9252e-12 3.0894e-12 2.7721e-12 1.7851e-12 2.6729e-12 1.2456e-12 2.0912e-12 2.6521e-12 2.3489e-12 1.3001e-12 1.1725e-12 8.6755e-13 1.4382e-12 1.2305e-12 1.0746e-12 1.0818e-12 8.8415e-13 1.0105e-12 1.1799e-12 1.1649e-12 1.0811e-12
9.798e-12 8.8346e-12 6.0754e-12 3.7734e-12 3.9463e-12 2.8455e-12 3.0349e-12 1.3142e-12 2.5523e-12 1.5258e-12 1.3848e-12 2.121e-12 2.1187e-12 1.2206e-12 1.2969e-12 9.8137e-13 7.8133e-13 1.3214e-12 9.1073e-13 7.7951e-13 1.0702e-12 1.1971e-12 1.3038e-12 1.4145e-12
8.7872e-12 6.1673e-12 4.598e-12 3.7469e-12 3.85e-12 4.4558e-12 3.0674e-12 3.4294e-12 0 1.1977e-12 2.3279e-12 1.6716e-12 1.9882e-12 1.38e-12 2.3641e-12 1.2261e-12 7.456e-13 6.4567e-13 8.076e-13 8.8678e-13 1.325e-12 1.2668e-12 1.883e-12 1.5666e-12
6.9451e-12 6.4148e-12 4.9181e-12 4.9469e-12 3.7726e-12 4.0773e-12 3.5192e-12 3.4743e-12 1.4281e-12 1.5241e-12 1.3495e-12 1.3985e-12 1.7584e-12 1.8533e-12 1.3747e-12 1.3945e-12 7.0282e-13 7.0905e-13 8.6949e-13 8.2629e-13 1.558e-12 1.5621e-12 1.7095e-12 1.7242e-12
9.798e-12 8.8346e-12 6.0754e-12 3.7734e-12 3.9463e-12 2.8455e-12 3.0349e-12 1.3142e-12 2.5523e-12 1.5258e-12 1.3848e-12 2.121e-12 2.1187e-12 1.2206e-12 1.2969e-12 9.8137e-13 7.8133e-13 1.3214e-12 9.1073e-13 7.7951e-13 1.0702e-12 1.1971e-12 1.3038e-12 1.4145e-12
2.203e-11 1.4177e-11 9.0435e-12 4.259e-12 2.8784e-12 2.7512e-12 3.9474e-12 1.5687e-12 0 2.5375e-12 3.2302e-12 2.52e-12 2.4961e-12 1.0593e-12 7.7074e-13 1.2586e-12 1.8143e-12 1.484e-12 9.8715e-13 7.8846e-13 8.5802e-13 1.2618e-12 1.5705e-12 1.348e-12
3.1572e-11 1.6747e-11 1.2161e-11 5.5941e-12 3.5162e-12 3.2175e-12 1.4606e-12 2.5817e-12 2.903e-12 2.4267e-12 1.2761e-12 1.2042e-12 2.6613e-12 2.8527e-12 9.3656e-13 1.2098e-12 1.9865e-12 9.5511e-13 1.721e-12 9.1922e-13 9.5005e-13 1.2351e-12 1.4902e-12 1.5111e-12
2.203e-11 1.4177e-11 9.0435e-12 4.259e-12 2.8784e-12 2.7512e-12 3.9474e-12 1.5687e-12 0 2.5375e-12 3.2302e-12 2.52e-12 2.4961e-12 1.0593e-12 7.7074e-13 1.2586e-12 1.8143e-12 1.484e-12 9.8715e-13 7.8846e-13 8.5802e-13 1.2618e-12 1.5705e-12 1.348e-12
9.798e-12 8.8346e-12 6.0754e-12 3.7734e-12 3.9463e-12 2.8455e-12 3.0349e-12 1.3142e-12 2.5523e-12 1.5258e-12 1.3848e-12 2.121e-12 2.1187e-12 1.2206e-12 1.2969e-12 9.8137e-13 7.8133e-13 1.3214e-12 9.1073e-13 7.7951e-13 1.0702e-12 1.1971e-12 1.3038e-12 1.4145e-12
5.3334e-12 5.1301e-12 4.9063e-12 4.8724e-12 3.6253e-12 3.4604e-12 2.7363e-12 2.7464e-12 1.371e-12 1.4307e-12 2.0899e-12 2.1923e-12 1.3687e-12 1.5119e-12 1.3411e-12 1.4109e-12 9.2562e-13 9.6516e-13 9.1579e-13 9.3761e-13 1.1785e-12 1.1588e-12 1.1546e-12 1.2306e-12
9.9481e-12 9.3667e-12 8.3099e-12 3.9252e-12 3.0894e-12 2.7721e-12 1.7851e-12 2.6729e-12 1.2456e-12 2.0912e-12 2.6521e-12 2.3489e-12 1.3001e-12 1.1725e-12 8.6755e-13 1.4382e-12 1.2305e-12 1.0746e-12 1.0818e-12 8.8415e-13 1.0105e-12 1.1799e-12 1.1649e-12 1.0811e-12
3.1572e-11 1.6747e-11 1.2161e-11 5.5941e-12 3.5162e-12 3.2175e-12 1.4606e-12 2.5817e-12 2.903e-12 2.4267e-12 1.2761e-12 1.2042e-12 2.6613e-12 2.8527e-12 9.3656e-13 1.2098e-12 1.9865e-12 9.5511e-13 1.721e-12 9.1922e-13 9.5005e-13 1.2351e-12 1.4902e-12 1.5111e-12
4.7375e-11 5.1846e-11 4.3879e-11 4.2461e-12 4.3629e-12 1.9398e-12 3.1149e-12 1.7327e-12 1.102e-12 1.1654e-12 2.7662e-12 2.7985e-12 2.8055e-12 2.6462e-12 6.9356e-13 1.2339e-12 1.175e-12 3.4063e-12 2.058e-12 1.002e-12 9.297e-13 1.1357e-12 1.8635e-12 1.8139e-12
3.1572e-11 1.6747e-11 1.2161e-11 5.5941e-12 3.5162e-12 3.2175e-12 1.4606e-12 2.5817e-12 2.903e-12 2.4267e-12 1.2761e-12 1.2042e-12 2.6613e-12 2.8527e-12 9.3656e-13 1.2098e-12 1.9865e-12 9.5511e-13 1.721e-12 9.1922e-13 9.5005e-13 1.2351e-12 1.4902e-12 1.5111e-12
9.9481e-12 9.3667e-12 8.3099e-12 3.9252e-12 3.0894e-12 2.7721e-12 1.7851e-12 2.6729e-12 1.2456e-12 2.0912e-12 2.6521e-12 2.3489e-12 1.3001e-12 1.1725e-12 8.6755e-13 1.4382e-12 1.2305e-12 1.0746e-12 1.0818e-12 8.8415e-13 1.0105e-12 1.1799e-12 1.1649e-12 1.0811e-12
5.753e-12 5.0435e-12 4.1286e-12 3.9244e-12 3.4808e-12 3.3816e-12 1.8355e-12 1.858e-12 2.1182e-12 2.2622e-12 2.0429e-12 2.1326e-12 1.2439e-12 1.2735e-12 1.129e-12 1.184e-12 9.8233e-13 1.004e-12 9.0825e-13 9.862e-13 1.1624e-12 1.1077e-12 1.0981e-12 1.0596e-12
9.798e-12 8.8346e-12 6.0754e-12 3.7734e-12 3.9463e-12 2.8455e-12 3.0349e-12 1.3142e-12 2.5523e-12 1.5258e-12 1.3848e-12 2.121e-12 2.1187e-12 1.2206e-12 1.2969e-12 9.8137e-13 7.8133e-13 1.3214e-12 9.1073e-13 7.7951e-13 1.0702e-12 1.1971e-12 1.3038e-12 1.4145e-12
2.203e-11 1.4177e-11 9.0435e-12 4.259e-12 2.8784e-12 2.7512e-12 3.9474e-12 1.5687e-12 0 2.5375e-12 3.2302e-12 2.52e-12 2.4961e-12 1.0593e-12 7.7074e-13 1.2586e-12 1.8143e-12 1.484e-12 9.8715e-13 7.8846e-13 8.5802e-13 1.2618e-12 1.5705e-12 1.348e-12
3.1572e-11 1.6747e-11 1.2161e-11 5.5941e-12 3.5162e-12 3.2175e-12 1.4606e-12 2.5817e-12 2.903e-12 2.4267e-12 1.2761e-12 1.2042e-12 2.6613e-12 2.8527e-12 9.3656e-13 1.2098e-12 1.9865e-12 9.5511e-13 1.721e-12 9.1922e-13 9.5005e-13 1.2351e-12 1.4902e-12 1.5111e-12
2.203e-11 1.4177e-11 9.0435e-12 4.259e-12 2.8784e-12 2.7512e-12 3.9474e-12 1.5687e-12 0 2.5375e-12 3.2302e-12 2.52e-12 2.4961e-12 1.0593e-12 7.7074e-13 1.2586e-12 1.8143e-12 1.484e-12 9.8715e-13 7.8846e-13 8.5802e-13 1.2618e-12 1.5705e-12 1.348e-12
9.798e-12 8.8346e-12 6.0754e-12 3.7734e-12 3.9463e-12 2.8455e-12 3.0349e-12 1.3142e-12 2.5523e-12 1.5258e-12 1.3848e-12 2.121e-12 2.1187e-12 1.2206e-12 1.2969e-12 9.8137e-13 7.8133e-13 1.3214e-12 9.1073e-13 7.7951e-13 1.0702e-12 1.1971e-12 1.3038e-12 1.4145e-12
5.3334e-12 5.1301e-12 4.9063e-12 4.8724e-12 3.6253e-12 3.4604e-12 2.7363e-12 2.7464e-12 1.371e-12 1.4307e-12 2.0899e-12 2.1923e-12 1.3687e-12 1.5119e-12 1.3411e-12 1.4109e-12 9.2562e-13 9.6516e-13 9.1579e-13 9.3761e-13 1.1785e-12 1.1588e-12 1.1546e-12 1.2306e-12
8.7872e-12 6.1673e-12 4.598e-12 3.7469e-12 3.85e-12 4.4558e-12 3.0674e-12 3.4294e-12 0 1.1977e-12 2.3279e-12 1.6716e-12 1.9882e-12 1.38e-12 2.3641e-12 1.2261e-12 7.456e-13 6.4567e-13 8.076e-13 8.8678e-13 1.325e-12 1.2668e-12 1.883e-12 1.5666e-12
9.798e-12 8.8346e-12 6.0754e-12 3.7734e-12 3.9463e-12 2.8455e-12 3.0349e-12 1.3142e-12 2.5523e-12 1.5258e-12 1.3848e-12 2.121e-12 2.1187e-12 1.2206e-12 1.2969e-12 9.8137e-13 7.8133e-13 1.3214e-12 9.1073e-13 7.7951e-13 1.0702e-12 1.1971e-12 1.3038e-12 1.4145e-12
9.9481e-12 9.3667e-12 8.3099e-12 3.9252e-12 3.0894e-12 2.7721e-12 1.7851e-12 2.6729e-12 1.2456e-12 2.0912e-12 2.6521e-12 2.3489e-12 1.3001e-12 1.1725e-12 8.6755e-13 1.4382e-12 1.2305e-12 1.0746e-12 1.0818e-12 8.8415e-13 1.0105e-12 1.1799e-12 1.1649e-12 1.0811e-12
9.798e-12 8.8346e-12 6.0754e-12 3.7734e-12 3.9463e-12 2.8455e-12 3.0349e-12 1.3142e-12 2.5523e-12 1.5258e-12 1.3848e-12 2.121e-12 2.1187e-12 1.2206e-12 1.2969e-12 9.8137e-13 7.8133e-13 1.3214e-12 9.1073e-13 7.7951e-13 1.0702e-12 1.1971e-12 1.3038e-12 1.4145e-12
8.7872e-12 6.1673e-12 4.598e-12 3.7469e-12 3.85e-12 4.4558e-12 3.0674e-12 3.4294e-12 0 1.1977e-12 2.3279e-12 1.6716e-12 1.9882e-12 1.38e-12 2.3641e-12 1.2261e-12 7.456e-13 6.4567e-13 8.076e-13 8.8678e-13 1.325e-12 1.2668e-12 1.883e-12 1.5666e-12
6.9451e-12 6.4148e-12 4.9181e-12 4.9469e-12 3.7726e-12 4.0773e-12 3.5192e-12 3.4743e-12 1.4281e-12 1.5241e-12 1.3495e-12 1.3985e-12 1.7584e-12 1.8533e-12 1.3747e-12 1.3945e-12 7.0282e-13 7.0905e-13 8.6949e-13 8.2629e-13 1.558e-12 1.5621e-12 1.7095e-12 1.7242e-12
6.9451e-12 6.4148e-12 4.9181e-12 4.9469e-12 3.7726e-12 4.0773e-12 3.5192e-12 3.4743e-12 1.4281e-12 1.5241e-12 1.3495e-12 1.3985e-12 1.7584e-12 1.8533e-12 1.3747e-12 1.3945e-12 7.0282e-13 7.0905e-13 8.6949e-13 8.2629e-13 1.558e-12 1.5621e-12 1.7095e-12 1.7242e-12
5.3334e-12 5.1301e-12 4.9063e-12 4.8724e-12 3.6253e-12 3.4604e-12 2.7363e-12 2.7464e-12 1.371e-12 1.4307e-12 2.0899e-12 2.1923e-12 1.3687e-12 1.5119e-12 1.3411e-12 1.4109e-12 9.2562e-13 9.6516e-13 9.1579e-13 9.3761e-13 1.1785e-12 1.1588e-12 1.1546e-12 1.2306e-12
5.753e-12 5.0435e-12 4.1286e-12 3.9244e-12 3.4808e-12 3.3816e-12 1.8355e-12 1.858e-12 2.1182e-12 2.2622e-12 2.0429e-12 2.1326e-12 1.2439e-12 1.2735e-12 1.129e-12 1.184e-12 9.8233e-13 1.004e-12 9.0825e-13 9.862e-13 1.1624e-12 1.1077e-12 1.0981e-12 1.0596e-12
5.3334e-12 5.1301e-12 4.9063e-12 4.8724e-12 3.6253e-12 3.4604e-12 2.7363e-12 2.7464e-12 1.371e-12 1.4307e-12 2.0899e-12 2.1923e-12 1.3687e-12 1.5119e-12 1.3411e-12 1.4109e-12 9.2562e-13 9.6516e-13 9.1579e-13 9.3761e-13 1.1785e-12 1.1588e-12 1.1546e-12 1.2306e-12
6.9451e-12 6.4148e-12 4.9181e-12 4.9469e-12 3.7726e-12 4.0773e-12 3.5192e-12 3.4743e-12 1.4281e-12 1.5241e-12 1.3495e-12 1.3985e-12 1.7584e-12 1.8533e-12 1.3747e-12 1.3945e-12 7.0282e-13 7.0905e-13 8.6949e-13 8.2629e-13 1.558e-12 1.5621e-12 1.7095e-12 1.7242e-12
5.9729e-12 6.9023e-12 6.421e-12 5.7134e-12 4.1196e-12 3.7603e-12 4.2193e-12 4.5042e-12 3.5062e-12 4.0925e-12 0 0 1.799e-12 1.7434e-12 1.6826e-12 1.8066e-12 6.6634e-13 6.6014e-13 8.3529e-13 7.0819e-13 2.005e-12 2.113e-12 1.9116e-12 1.725e-12
9.2936e-12 5.2342e-12 4.9607e-12 4.2036e-12 3.5961e-12 4.4653e-12 3.161e-12 3.4815e-12 1.221e-12 0 2.2211e-12 1.6673e-12 2.0609e-12 1.4595e-12 2.4434e-12 1.2207e-12 6.8337e-13 7.0082e-13 8.6142e-13 8.024e-13 1.2971e-12 1.3078e-12 1.8999e-12 1.5485e-12
1.1181e-11 7.672e-12 4.6369e-12 3.7513e-12 3.9107e-12 2.8224e-12 2.9416e-12 1.5996e-12 2.6028e-12 1.4802e-12 1.2614e-12 2.133e-12 2.2008e-12 1.2237e-12 1.326e-12 9.2196e-13 7.1301e-13 1.3502e-12 9.7686e-13 7.3679e-13 1.1414e-12 1.1909e-12 1.3144e-12 1.4623e-12
8.9988e-12 9.3581e-12 7.6131e-12 3.4135e-12 4.0278e-12 2.7984e-12 2.1428e-12 2.6907e-12 0 2.0325e-12 2.5836e-12 2.2578e-12 1.2793e-12 1.1742e-12 7.8112e-13 1.4131e-12 1.0854e-12 1.2076e-12 1.0277e-12 1.1116e-12 9.7658e-13 1.1581e-12 1.1938e-12 1.0948e-12
1.1181e-11 7.672e-12 4.6369e-12 3.7513e-12 3.9107e-12 2.8224e-12 2.9416e-12 1.5996e-12 2.6028e-12 1.4802e-12 1.2614e-12 2.133e-12 2.2008e-12 1.2237e-12 1.326e-12 9.2196e-13 7.1301e-13 1.3502e-12 9.7686e-13 7.3679e-13 1.1414e-12 1.1909e-12 1.3144e-12 1.4623e-12
9.2936e-12 5.2342e-12 4.9607e-12 4.2036e-12 3.5961e-12 4.4653e-12 3.161e-12 3.4815e-12 1.221e-12 0 2.2211e-12 1.6673e-12 2.0609e-12 1.4595e-12 2.4434e-12 1.2207e-12 6.8337e-13 7.0082e-13 8.6142e-13 8.024e-13 1.2971e-12 1.3078e-12 1.8999e-12 1.5485e-12
6.732e-12 6.3661e-12 4.9572e-12 4.7853e-12 3.7645e-12 3.7544e-12 3.5799e-12 3.7698e-12 1.5474e-12 1.5452e-12 1.4104e-12 1.3409e-12 1.9108e-12 1.921e-12 1.3653e-12 1.348e-12 6.6836e-13 6.7595e-13 1.0391e-12 9.6862e-13 1.538e-12 1.5678e-12 1.697e-12 1.7104e-12
1.1181e-11 7.672e-12 4.6369e-12 3.7513e-12 3.9107e-12 2.8224e-12 2.9416e-12 1.5996e-12 2.6028e-12 1.4802e-12 1.2614e-12 2.133e-12 2.2008e-12 1.2237e-12 1.326e-12 9.2196e-13 7.1301e-13 1.3502e-12 9.7686e-13 7.3679e-13 1.1414e-12 1.1909e-12 1.3144e-12 1.4623e-12
2.5211e-11 1.3265e-11 9.3487e-12 4.0108e-12 2.76e-12 2.9282e-12 3.8356e-12 1.2888e-12 0 2.5861e-12 3.1386e-12 2.475e-12 2.4704e-12 9.7201e-13 7.9146e-13 1.2761e-12 1.8999e-12 1.4492e-12 1.1239e-12 8.0888e-13 8.6933e-13 1.2599e-12 1.5877e-12 1.3832e-12
2.43e-11 2.1683e-11 1.8265e-11 3.9913e-12 2.9113e-12 1.8913e-12 3.3713e-12 2.7253e-12 2.8659e-12 2.5228e-12 1.1712e-12 1.3146e-12 2.7523e-12 2.7807e-12 9.6215e-13 1.1196e-12 1.1212e-12 1.9694e-12 1.7268e-12 9.576e-13 1.014e-12 1.2005e-12 1.4605e-12 1.5612e-12
2.5211e-11 1.3265e-11 9.3487e-12 4.0108e-12 2.76e-12 2.9282e-12 3.8356e-12 1.2888e-12 0 2.5861e-12 3.1386e-12 2.475e-12 2.4704e-12 9.7201e-13 7.9146e-13 1.2761e-12 1.8999e-12 1.4492e-12 1.1239e-12 8.0888e-13 8.6933e-13 1.2599e-12 1.5877e-12 1.3832e-12
1.1181e-11 7.672e-12 4.6369e-12 3.7513e-12 3.9107e-12 2.8224e-12 2.9416e-12 1.5996e-12 2.6028e-12 1.4802e-12 1.2614e-12 2.133e-12 2.2008e-12 1.2237e-12 1.326e-12 9.2196e-13 7.1301e-13 1.3502e-12 9.7686e-13 7.3679e-13 1.1414e-12 1.1909e-12 1.3144e-12 1.4623e-12
5.2515e-12 5.2245e-12 5.3219e-12 5.1268e-12 3.4572e-12 3.5976e-12 2.8533e-12 2.7804e-12 1.3863e-12 1.4053e-12 2.2361e-12 2.2647e-12 1.4405e-12 1.4965e-12 1.3123e-12 1.5132e-12 8.5116e-13 8.2763e-13 9.19e-13 9.5687e-13 1.1743e-12 1.14e-12 1.1699e-12 1.1955e-12
8.9988e-12 9.3581e-12 7.6131e-12 3.4135e-12 4.0278e-12 2.7984e-12 2.1428e-12 2.6907e-12 0 2.0325e-12 2.5836e-12 2.2578e-12 1.2793e-12 1.1742e-12 7.8112e-13 1.4131e-12 1.0854e-12 1.2076e-12 1.0277e-12 1.1116e-12 9.7658e-13 1.1581e-12 1.1938e-12 1.0948e-12
2.43e-11 2.1683e-11 1.8265e-11 3.9913e-12 2.9113e-12 1.8913e-12 3.3713e-12 2.7253e-12 2.8659e-12 2.5228e-12 1.1712e-12 1.3146e-12 2.7523e-12 2.7807e-12 9.6215e-13 1.1196e-12 1.1212e-12 1.9694e-12 1.7268e-12 9.576e-13 1.014e-12 1.2005e-12 1.4605e-12 1.5612e-12
1.6707e-10 1.7106e-10 0 3.5153e-12 3.7431e-12 1.8506e-12 3.5391e-12 0 0 1.2977e-12 2.5138e-12 2.8387e-12 2.8349e-12 2.6676e-12 0 1.1113e-12 1.1745e-12 3.2325e-12 1.986e-12 1.046e-12 9.5941e-13 1.2561e-12 1.8458e-12 1.8893e-12
2.43e-11 2.1683e-11 1.8265e-11 3.9913e-12 2.9113e-12 1.8913e-12 3.3713e-12 2.7253e-12 2.8659e-12 2.5228e-12 1.1712e-12 1.3146e-12 2.7523e-12 2.7807e-12 9.6215e-13 1.1196e-12 1.1212e-12 1.9694e-12 1.7268e-12 9.576e-13 1.014e-12 1.2005e-12 1.4605e-12 1.5612e-12
8.9988e-12 9.3581e-12 7.6131e-12 3.4135e-12 4.0278e-12 2.7984e-12 2.1428e-12 2.6907e-12 0 2.0325e-12 2.5836e-12 2.2578e-12 1.2793e-12 1.1742e-12 7.8112e-13 1.4131e-12 1.0854e-12 1.2076e-12 1.0277e-12 1.1116e-12 9.7658e-13 1.1581e-12 1.1938e-12 1.0948e-12
5.1485e-12 5.5738e-12 4.2987e-12 4.2087e-12 3.7741e-12 3.7209e-12 1.7552e-12 1.7741e-12 2.1129e-12 2.2001e-12 1.8936e-12 2.1561e-12 1.2098e-12 1.3379e-12 1.2409e-12 1.264e-12 9.0189e-13 9.3983e-13 9.4185e-13 9.9128e-13 1.1674e-12 1.1188e-12 1.1373e-12 1.0775e-12
1.1181e-11 7.672e-12 4.6369e-12 3.7513e-12 3.9107e-12 2.8224e-12 2.9416e-12 1.5996e-12 2.6028e-12 1.4802e-12 1.2614e-12 2.133e-12 2.2008e-12 1.2237e-12 1.326e-12 9.2196e-13 7.1301e-13 1.3502e-12 9.7686e-13 7.3679e-13 1.1414e-12 1.1909e-12 1.3144e-12 1.4623e-12
2.5211e-11 1.3265e-11 9.3487e-12 4.0108e-12 2.76e-12 2.9282e-12 3.8356e-12 1.2888e-12 0 2.5861e-12 3.1386e-12 2.475e-12 2.4704e-12 9.7201e-13 7.9146e-13 1.2761e-12 1.8999e-12 1.4492e-12 1.1239e-12 8.0888e-13 8.6933e-13 1.2599e-12 1.5877e-12 1.3832e-12
2.43e-11 2.1683e-11 1.8265e-11 3.9913e-12 2.9113e-12 1.8913e-12 3.3713e-12 2.7253e-12 2.8659e-12 2.5228e-12 1.1712e-12 1.3146e-12 2.7523e-12 2.7807e-12 9.6215e-13 1.1196e-12 1.1212e-12 1.9694e-12 1.7268e-12 9.576e-13 1.014e-12 1.2005e-12 1.4605e-12 1.5612e-12
2.5211e-11 1.3265e-11 9.3487e-12 4.0108e-12 2.76e-12 2.9282e-12 3.8356e-12 1.2888e-12 0 2.5861e-12 3.1386e-12 2.475e-12 2.4704e-12 9.7201e-13 7.9146e-13 1.2761e-12 1.8999e-12 1.4492e-12 1.1239e-12 8.0888e-13 8.6933e-13 1.2599e-12 1.5877e-12 1.3832e-12
1.1181e-11 7.672e-12 4.6369e-12 3.7513e-12 3.9107e-12 2.8224e-12 2.9416e-12 1.5996e-12 2.6028e-12 1.4802e-12 1.2614e-12 2.133e-12 2.2008e-12 1.2237e-12 1.326e-12 9.2196e-13 7.1301e-13 1.3502e-12 9.7686e-13 7.3679e-13 1.1414e-12 1.1909e-12 1.3144e-12 1.4623e-12
5.2515e-12 5.2245e-12 5.3219e-12 5.1268e-12 3.4572e-12 3.5976e-12 2.8533e-12 2.7804e-12 1.3863e-12 1.4053e-12 2.2361e-12 2.2647e-12 1.4405e-12 1.4965e-12 1.3123e-12 1.5132e-12 8.5116e-13 8.2763e-13 9.19e-13 9.5687e-13 1.1743e-12 1.14e-12 1.1699e-12 1.1955e-12
9.2936e-12 5.2342e-12 4.9607e-12 4.2036e-12 3.5961e-12 4.4653e-12 3.161e-12 3.4815e-12 1.221e-12 0 2.2211e-12 1.6673e-12 2.0609e-12 1.4595e-12 2.4434e-12 1.2207e-12 6.8337e-13 7.0082e-13 8.6142e-13 8.024e-13 1.2971e-12 1.3078e-12 1.8999e-12 1.5485e-12
1.1181e-11 7.672e-12 4.6369e-12 3.7513e-12 3.9107e-12 2.8224e-12 2.9416e-12 1.5996e-12 2.6028e-12 1.4802e-12 1.2614e-12 2.133e-12 2.2008e-12 1.2237e-12 1.326e-12 9.2196e-13 7.1301e-13 1.3502e-12 9.7686e-13 7.3679e-13 1.1414e-12 1.1909e-12 1.3144e-12 1.4623e-12
8.9988e-12 9.3581e-12 7.6131e-12 3.4135e-12 4.0278e-12 2.7984e-12 2.1428e-12 2.6907e-12 0 2.0325e-12 2.5836e-12 2.2578e-12 1.2793e-12 1.1742e-12 7.8112e-13 1.4131e-12 1.0854e-12 1.2076e-12 1.0277e-12 1.1116e-12 9.7658e-13 1.1581e-12 1.1938e-12 1.0948e-12
1.1181e-11 7.672e-12 4.6369e-12 3.7513e-12 3.9107e-12 2.8224e-12 2.9416e-12 1.5996e-12 2.6028e-12 1.4802e-12 1.2614e-12 2.133e-12 2.2008e-12 1.2237e-12 1.326e-12 9.2196e-13 7.1301e-13 1.3502e-12 9.7686e-13 7.3679e-13 1.1414e-12 1.1909e-12 1.3144e-12 1.4623e-12
9.2936e-12 5.2342e-12 4.9607e-12 4.2036e-12 3.5961e-12 4.4653e-12 3.161e-12 3.4815e-12 1.221e-12 0 2.2211e-12 1.6673e-12 2.0609e-12 1.4595e-12 2.4434e-12 1.2207e-12 6.8337e-13 7.0082e-13 8.6142e-13 8.024e-13 1.2971e-12 1.3078e-12 1.8999e-12 1.5485e-12
6.732e-12 6.3661e-12 4.9572e-12 4.7853e-12 3.7645e-12 3.7544e-12 3.5799e-12 3.7698e-12 1.5474e-12 1.5452e-12 1.4104e-12 1.3409e-12 1.9108e-12 1.921e-12 1.3653e-12 1.348e-12 6.6836e-13 6.7595e-13 1.0391e-12 9.6862e-13 1.538e-12 1.5678e-12 1.697e-12 1.7104e-12
6.732e-12 6.3661e-12 4.9572e-12 4.7853e-12 3.7645e-12 3.7544e-12 3.5799e-12 3.7698e-12 1.5474e-12 1.5452e-12 1.4104e-12 1.3409e-12 1.9108e-12 1.921e-12 1.3653e-12 1.348e-12 6.6836e-13 6.7595e-13 1.0391e-12 9.6862e-13 1.538e-12 1.5678e-12 1.697e-12 1.7104e-12
5.2515e-12 5.2245e-12 5.3219e-12 5.1268e-12 3.4572e-12 3.5976e-12 2.8533e-12 2.7804e-12 1.3863e-12 1.4053e-12 2.2361e-12 2.2647e-12 1.4405e-12 1.4965e-12 1.3123e-12 1.5132e-12 8.5116e-13 8.2763e-13 9.19e-13 9.5687e-13 1.1743e-12 1.14e-12 1.1699e-12 1.1955e-12
5.1485e-12 5.5738e-12 4.2987e-12 4.2087e-12 3.7741e-12 3.7209e-12 1.7552e-12 1.7741e-12 2.1129e-12 2.2001e-12 1.8936e-12 2.1561e-12 1.2098e-12 1.3379e-12 1.2409e-12 1.264e-12 9.0189e-13 9.3983e-13 9.4185e-13 9.9128e-13 1.1674e-12 1.1188e-12 1.1373e-12 1.0775e-12
5.2515e-12 5.2245e-12 5.3219e-12 5.1268e-12 3.4572e-12 3.5976e-12 2.8533e-12 2.7804e-12 1.3863e-12 1.4053e-12 2.2361e-12 2.2647e-12 1.4405e-12 1.4965e-12 1.3123e-12 1.5132e-12 8.5116e-13 8.2763e-13 9.19e-13 9.5687e-13 1.1743e-12 1.14e-12 1.1699e-12 1.1955e-12
6.732e-12 6.3661e-12 4.9572e-12 4.7853e-12 3.7645e-12 3.7544e-12 3.5799e-12 3.7698e-12 1.5474e-12 1.5452e-12 1.4104e-12 1.3409e-12 1.9108e-12 1.921e-12 1.3653e-12 1.348e-12 6.6836e-13 6.7595e-13 1.0391e-12 9.6862e-13 1.538e-12 1.5678e-12 1.697e-12 1.7104e-12
6.3259e-12 6.0364e-12 5.9903e-12 5.7848e-12 4.0031e-12 3.5532e-12 4.4987e-12 3.9308e-12 3.1115e-12 3.5236e-12 0 0 1.8234e-12 1.6684e-12 1.761e-12 2.0204e-12 7.4603e-13 7.7028e-13 9.2089e-13 8.2115e-13 2.0848e-12 2.0434e-12 1.8627e-12 1.8106e-12
8.9475e-12 5.2804e-12 5.3164e-12 4.3504e-12 3.7503e-12 4.4924e-12 3.2292e-12 3.4527e-12 1.3038e-12 0 2.2277e-12 1.7834e-12 2.1966e-12 1.3649e-12 2.33e-12 1.1793e-12 6.5177e-13 6.8721e-13 9.1322e-13 8.0341e-13 1.3338e-12 1.3268e-12 1.714e-12 1.645e-12
1.2002e-11 7.4265e-12 4.332e-12 3.2828e-12 3.9301e-12 2.8279e-12 2.9306e-12 1.8917e-12 2.5653e-12 1.4244e-12 1.2437e-12 2.1285e-12 2.1786e-12 1.2344e-12 1.3238e-12 9.0935e-13 6.8744e-13 1.4132e-12 9.7406e-13 7.3321e-13 1.203e-12 1.2197e-12 1.2912e-12 1.4049e-12
9.3148e-12 8.8805e-12 7.4429e-12 3.6603e-12 4.0644e-12 3.031e-12 0 2.6482e-12 2.3524e-12 2.139e-12 2.6061e-12 2.464e-12 1.2738e-12 1.1944e-12 7.4957e-13 1.5008e-12 1.0986e-12 1.0999e-12 1.246e-12 1.1866e-12 9.6411e-13 1.219e-12 1.1722e-12 1.07e-12
1.2002e-11 7.4265e-12 4.332e-12 3.2828e-12 3.9301e-12 2.8279e-12 2.9306e-12 1.8917e-12 2.5653e-12 1.4244e-12 1.2437e-12 2.1285e-12 2.1786e-12 1.2344e-12 1.3238e-12 9.0935e-13 6.8744e-13 1.4132e-12 9.7406e-13 7.3321e-13 1.203e-12 1.2197e-12 1.2912e-12 1.4049e-12
8.9475e-12 5.2804e-12 5.3164e-12 4.3504e-12 3.7503e-12 4.4924e-12 3.2292e-12 3.4527e-12 1.3038e-12 0 2.2277e-12 1.7834e-12 2.1966e-12 1.3649e-12 2.33e-12 1.1793e-12 6.5177e-13 6.8721e-13 9.1322e-13 8.0341e-13 1.3338e-12 1.3268e-12 1.714e-12 1.645e-12
7.1861e-12 6.5885e-12 5.6542e-12 5.415e-12 3.6328e-12 3.674e-12 4.195e-12 4.7623e-12 1.5703e-12 1.6846e-12 1.393e-12 1.3406e-12 2.0301e-12 1.987e-12 1.3744e-12 1.3909e-12 6.4098e-13 6.6259e-13 1.0465e-12 1.022e-12 1.5457e-12 1.5523e-12 1.7024e-12 1.7415e-12
1.2002e-11 7.4265e-12 4.332e-12 3.2828e-12 3.9301e-12 2.8279e-12 2.9306e-12 1.8917e-12 2.5653e-12 1.4244e-12 1.2437e-12 2.1285e-12 2.1786e-12 1.2344e-12 1.3238e-12 9.0935e-13 6.8744e-13 1.4132e-12 9.7406e-13 7.3321e-13 1.203e-12 1.2197e-12 1.2912e-12 1.4049e-12
2.6167e-11 1.2819e-11 1.0189e-11 4.4087e-12 3.1664e-12 2.9047e-12 3.9237e-12 1.5829e-12 0 2.6502e-12 3.1675e-12 2.5846e-12 2.4735e-12 9.1828e-13 8.7758e-13 1.3006e-12 1.8545e-12 1.4897e-12 1.1743e-12 8.2792e-13 8.7059e-13 1.2577e-12 1.5029e-12 1.3709e-12
2.178e-11 2.1168e-11 2.5942e-11 3.925e-12 3.2095e-12 2.3145e-12 3.2807e-12 2.7404e-12 2.8191e-12 2.5018e-12 0 1.5054e-12 2.988e-12 2.9131e-12 1.0265e-12 1.1445e-12 1.3108e-12 1.9556e-12 1.7705e-12 1.0242e-12 9.8068e-13 1.2119e-12 1.4688e-12 1.5946e-12
2.6167e-11 1.2819e-11 1.0189e-11 4.4087e-12 3.1664e-12 2.9047e-12 3.9237e-12 1.5829e-12 0 2.6502e-12 3.1675e-12 2.5846e-12 2.4735e-12 9.1828e-13 8.7758e-13 1.3006e-12 1.8545e-12 1.4897e-12 1.1743e-12 8.2792e-13 8.7059e-13 1.2577e-12 1.5029e-12 1.3709e-12
1.2002e-11 7.4265e-12 4.332e-12 3.2828e-12 3.9301e-12 2.8279e-12 2.9306e-12 1.8917e-12 2.5653e-12 1.4244e-12 1.2437e-12 2.1285e-12 2.1786e-12 1.2344e-12 1.3238e-12 9.0935e-13 6.8744e-13 1.4132e-12 9.7406e-13 7.3321e-13 1.203e-12 1.2197e-12 1.2912e-12 1.4049e-12
5.8693e-12 5.8952e-12 5.3019e-12 4.8964e-12 3.4215e-12 3.6564e-12 2.8354e-12 2.8312e-12 1.3614e-12 1.4207e-12 2.2173e-12 2.2562e-12 1.432e-12 1.5005e-12 1.3779e-12 1.5323e-12 7.6472e-13 8.2961e-13 9.7436e-13 9.6195e-13 1.1733e-12 1.152e-12 1.224e-12 1.2408e-12
9.3148e-12 8.8805e-12 7.4429e-12 3.6603e-12 4.0644e-12 3.031e-12 0 2.6482e-12 2.3524e-12 2.139e-12 2.6061e-12 2.464e-12 1.2738e-12 1.1944e-12 7.4957e-13 1.5008e-12 1.0986e-12 1.0999e-12 1.246e-12 1.1866e-12 9.6411e-13 1.219e-12 1.1722e-12 1.07e-12
2.178e-11 2.1168e-11 2.5942e-11 3.925e-12 3.2095e-12 2.3145e-12 3.2807e-12 2.7404e-12 2.8191e-12 2.5018e-12 0 1.5054e-12 2.988e-12 2.9131e-12 1.0265e-12 1.1445e-12 1.3108e-12 1.9556e-12 1.7705e-12 1.0242e-12 9.8068e-13 1.2119e-12 1.4688e-12 1.5946e-12
0 0 0 5.5809e-12 4.1522e-12 1.9278e-12 3.2542e-12 1.8276e-12 0 2.5724e-12 2.7799e-12 1.7039e-12 2.6225e-12 2.7976e-12 9.4668e-13 1.1436e-12 1.0635e-12 3.0057e-12 1.9936e-12 1.1385e-12 9.859e-13 1.2761e-12 1.9127e-12 1.6761e-12
2.178e-11 2.1168e-11 2.5942e-11 3.925e-12 3.2095e-12 2.3145e-12 3.2807e-12 2.7404e-12 2.8191e-12 2.5018e-12 0 1.5054e-12 2.988e-12 2.9131e-12 1.0265e-12 1.1445e-12 1.3108e-12 1.9556e-12 1.7705e-12 1.0242e-12 9.8068e-13 1.2119e-12 1.4688e-12 1.5946e-12
9.3148e-12 8.8805e-12 7.4429e-12 3.6603e-12 4.0644e-12 3.031e-12 0 2.6482e-12 2.3524e-12 2.139e-12 2.6061e-12 2.464e-12 1.2738e-12 1.1944e-12 7.4957e-13 1.5008e-12 1.0986e-12 1.0999e-12 1.246e-12 1.1866e-12 9.6411e-13 1.219e-12 1.1722e-12 1.07e-12
5.2632e-12 5.2777e-12 4.6631e-12 4.1591e-12 3.5424e-12 3.4726e-12 1.7064e-12 1.7735e-12 2.0994e-12 2.4273e-12 1.8781e-12 2.2153e-12 1.222e-12 1.3171e-12 1.2808e-12 1.3368e-12 8.7281e-13 9.6471e-13 9.655e-13 9.9934e-13 1.0752e-12 1.0326e-12 1.1589e-12 1.047e-12
1.2002e-11 7.4265e-12 4.332e-12 3.2828e-12 3.9301e-12 2.8279e-12 2.9306e-12 1.8917e-12 2.5653e-12 1.4244e-12 1.2437e-12 2.1285e-12 2.1786e-12 1.2344e-12 1.3238e-12 9.0935e-13 6.8744e-13 1.4132e-12 9.7406e-13 7.3321e-13 1.203e-12 1.2197e-12 1.2912e-12 1.4049e-12
2.6167e-11 1.2819e-11 1.0189e-11 4.4087e-12 3.1664e-12 2.9047e-12 3.9237e-12 1.5829e-12 0 2.6502e-12 3.1675e-12 2.5846e-12 2.4735e-12 9.1828e-13 8.7758e-13 1.3006e-12 1.8545e-12 1.4897e-12 1.1743e-12 8.2792e-13 8.7059e-13 1.2577e-12 1.5029e-12 1.3709e-12
2.178e-11 2.1168e-11 2.5942e-11 3.925e-12 3.2095e-12 2.3145e-12 3.2807e-12 2.7404e-12 2.8191e-12 2.5018e-12 0 1.5054e-12 2.988e-12 2.9131e-12 1.0265e-12 1.1445e-12 1.3108e-12 1.9556e-12 1.7705e-12 1.0242e-12 9.8068e-13 1.2119e-12 1.4688e-12 1.5946e-12
2.6167e-11 1.2819e-11 1.0189e-11 4.4087e-12 3.1664e-12 2.9047e-12 3.9237e-12 1.5829e-12 0 2.6502e-12 3.1675e-12 2.5846e-12 2.4735e-12 9.1828e-13 8.7758e-13 1.3006e-12 1.8545e-12 1.4897e-12 1.1743e-12 8.2792e-13 8.7059e-13 1.2577e-12 1.5029e-12 1.3709e-12
1.2002e-11 7.4265e-12 4.332e-12 3.2828e-12 3.9301e-12 2.8279e-12 2.9306e-12 1.8917e-12 2.5653e-12 1.4244e-12 1.2437e-12 2.1285e-12 2.1786e-12 1.2344e-12 1.3238e-12 9.0935e-13 6.8744e-13 1.4132e-12 9.7406e-13 7.3321e-13 1.203e-12 1.2197e-12 1.2912e-12 1.4049e-12
5.8693e-12 5.8952e-12 5.3019e-12 4.8964e-12 3.4215e-12 3.6564e-12 2.8354e-12 2.8312e-12 1.3614e-12 1.4207e-12 2.2173e-12 2.2562e-12 1.432e-12 1.5005e-12 1.3779e-12 1.5323e-12 7.6472e-13 8.2961e-13 9.7436e-13 9.6195e-13 1.1733e-12 1.152e-12 1.224e-12 1.2408e-12
8.9475e-12 5.2804e-12 5.3164e-12 4.3504e-12 3.7503e-12 4.4924e-12 3.2292e-12 3.4527e-12 1.3038e-12 0 2.2277e-12 1.7834e-12 2.1966e-12 1.3649e-12 2.33e-12 1.1793e-12 6.5177e-13 6.8721e-13 9.1322e-13 8.0341e-13 1.3338e-12 1.3268e-12 1.714e-12 1.645e-12
1.2002e-11 7.4265e-12 4.332e-12 3.2828e-12 3.9301e-12 2.8279e-12 2.9306e-12 1.8917e-12 2.5653e-12 1.4244e-12 1.2437e-12 2.1285e-12 2.1786e-12 1.2344e-12 1.3238e-12 9.0935e-13 6.8744e-13 1.4132e-12 9.7406e-13 7.3321e-13 1.203e-12 1.2197e-12 1.2912e-12 1.4049e-12
9.3148e-12 8.8805e-12 7.4429e-12 3.6603e-12 4.0644e-12 3.031e-12 0 2.6482e-12 2.3524e-12 2.139e-12 2.6061e-12 2.464e-12 1.2738e-12 1.1944e-12 7.4957e-13 1.5008e-12 1.0986e-12 1.0999e-12 1.246e-12 1.1866e-12 9.6411e-13 1.219e-12 1.1722e-12 1.07e-12
1.2002e-11 7.4265e-12 4.332e-12 3.2828e-12 3.9301e-12 2.8279e-12 2.9306e-12 1.8917e-12 2.5653e-12 1.4244e-12 1.2437e-12 2.1285e-12 2.1786e-12 1.2344e-12 1.3238e-12 9.0935e-13 6.8744e-13 1.4132e-12 9.7406e-13 7.3321e-13 1.203e-12 1.2197e-12 1.2912e-12 1.4049e-12
8.9475e-12 5.2804e-12 5.3164e-12 4.3504e-12 3.7503e-12 4.4924e-12 3.2292e-12 3.4527e-12 1.3038e-12 0 2.2277e-12 1.7834e-12 2.1966e-12 1.3649e-12 2.33e-12 1.1793e-12 6.5177e-13 6.8721e-13 9.1322e-13 8.0341e-13 1.3338e-12 1.3268e-12 1.714e-12 1.645e-12
7.1861e-12 6.5885e-12 5.6542e-12 5.415e-12 3.6328e-12 3.674e-12 4.195e-12 4.7623e-12 1.5703e-12 1.6846e-12 1.393e-12 1.3406e-12 2.0301e-12 1.987e-12 1.3744e-12 1.3909e-12 6.4098e-13 6.6259e-13 1.0465e-12 1.022e-12 1.5457e-12 1.5523e-12 1.7024e-12 1.7415e-12
7.1861e-12 6.5885e-12 5.6542e-12 5.415e-12 3.6328e-12 3.674e-12 4.195e-12 4.7623e-12 1.5703e-12 1.6846e-12 1.393e-12 1.3406e-12 2.0301e-12 1.987e-12 1.3744e-12 1.3909e-12 6.4098e-13 6.6259e-13 1.0465e-12 1.022e-12 1.5457e-12 1.5523e-12 1.7024e-12 1.7415e-12
5.8693e-12 5.8952e-12 5.3019e-12 4.8964e-12 3.4215e-12 3.6564e-12 2.8354e-12 2.8312e-12 1.3614e-12 1.4207e-12 2.2173e-12 2.2562e-12 1.432e-12 1.5005e-12 1.3779e-12 1.5323e-12 7.6472e-13 8.2961e-13 9.7436e-13 9.6195e-13 1.1733e-12 1.152e-12 1.224e-12 1.2408e-12
5.2632e-12 5.2777e-12 4.6631e-12 4.1591e-12 3.5424e-12 3.4726e-12 1.7064e-12 1.7735e-12 2.0994e-12 2.4273e-12 1.8781e-12 2.2153e-12 1.222e-12 1.3171e-12 1.2808e-12 1.3368e-12 8.7281e-13 9.6471e-13 9.655e-13 9.9934e-13 1.0752e-12 1.0326e-12 1.1589e-12 1.047e-12
5.8693e-12 5.8952e-12 5.3019e-12 4.8964e-12 3.4215e-12 3.6564e-12 2.8354e-12 2.8312e-12 1.3614e-12 1.4207e-12 2.2173e-12 2.2562e-12 1.432e-12 1.5005e-12 1.3779e-12 1.5323e-12 7.6472e-13 8.2961e-13 9.7436e-13 9.6195e-13 1.1733e-12 1.152e-12 1.224e-12 1.2408e-12
7.1861e-12 6.5885e-12 5.6542e-12 5.415e-12 3.6328e-12 3.674e-12 4.195e-12 4.7623e-12 1.5703e-12 1.6846e-12 1.393e-12 1.3406e-12 2.0301e-12 1.987e-12 1.3744e-12 1.3909e-12 6.4098e-13 6.6259e-13 1.0465e-12 1.022e-12 1.5457e-12 1.5523e-12 1.7024e-12 1.7415e-12
6.2869e-12 6.92e-12 6.1896e-12 5.7356e-12 3.6076e-12 3.7772e-12 5.2244e-12 4.5517e-12 3.8001e-12 4.0698e-12 0 0 1.6613e-12 1.6921e-12 1.6936e-12 2.2088e-12 7.7128e-13 7.7777e-13 1.0047e-12 9.0965e-13 1.9193e-12 1.8831e-12 1.9598e-12 1.8399e-12
9.2936e-12 5.2342e-12 4.9607e-12 4.2036e-12 3.5961e-12 4.4653e-12 3.161e-12 3.4815e-12 1.221e-12 0 2.2211e-12 1.6673e-12 2.0609e-12 1.4595e-12 2.4434e-12 1.2207e-12 6.8337e-13 7.0082e-13 8.6142e-13 8.024e-13 1.2971e-12 1.3078e-12 1.8999e-12 1.5485e-12
1.1181e-11 7.672e-12 4.6369e-12 3.7513e-12 3.9107e-12 2.8224e-12 2.9416e-12 1.5996e-12 2.6028e-12 1.4802e-12 1.2614e-12 2.133e-12 2.2008e-12 1.2237e-12 1.326e-12 9.2196e-13 7.1301e-13 1.3502e-12 9.7686e-13 7.3679e-13 1.1414e-12 1.1909e-12 1.3144e-12 1.4623e-12
8.9988e-12 9.3581e-12 7.6131e-12 3.4135e-12 4.0278e-12 2.7984e-12 2.1428e-12 2.6907e-12 0 2.0325e-12 2.5836e-12 2.2578e-12 1.2793e-12 1.1742e-12 7.8112e-13 1.4131e-12 1.0854e-12 1.2076e-12 1.0277e-12 1.1116e-12 9.7658e-13 1.1581e-12 1.1938e-12 1.0948e-12
1.1181e-11 7.672e-12 4.6369e-12 3.7513e-12 3.9107e-12 2.8224e-12 2.9416e-12 1.5996e-12 2.6028e-12 1.4802e-12 1.2614e-12 2.133e-12 2.2008e-12 1.2237e-12 1.326e-12 9.2196e-13 7.1301e-13 1.3502e-12 9.7686e-13 7.3679e-13 1.1414e-12 1.1909e-12 1.3144e-12 1.4623e-12
9.2936e-12 5.2342e-12 4.9607e-12 4.2036e-12 3.5961e-12 4.4653e-12 3.161e-12 3.4815e-12 1.221e-12 0 2.2211e-12 1.6673e-12 2.0609e-12 1.4595e-12 2.4434e-12 1.2207e-12 6.8337e-13 7.0082e-13 8.6142e-13 8.024e-13 1.2971e-12 1.3078e-12 1.8999e-12 1.5485e-12
6.732e-12 6.3661e-12 4.9572e-12 4.7853e-12 3.7645e-12 3.7544e-12 3.5799e-12 3.7698e-12 1.5474e-12 1.5452e-12 1.4104e-12 1.3409e-12 1.9108e-12 1.921e-12 1.3653e-12 1.348e-12 6.6836e-13 6.7595e-13 1.0391e-12 9.6862e-13 1.538e-12 1.5678e-12 1.697e-12 1.7104e-12
1.1181e-11 7.672e-12 4.6369e-12 3.7513e-12 3.9107e-12 2.8224e-12 2.9416e-12 1.5996e-12 2.6028e-12 1.4802e-12 1.2614e-12 2.133e-12 2.2008e-12 1.2237e-12 1.326e-12 9.2196e-13 7.1301e-13 1.3502e-12 9.7686e-13 7.3679e-13 1.1414e-12 1.1909e-12 1.3144e-12 1.4623e-12
2.5211e-11 1.3265e-11 9.3487e-12 4.0108e-12 2.76e-12 2.9282e-12 3.8356e-12 1.2888e-12 0 2.5861e-12 3.1386e-12 2.475e-12 2.4704e-12 9.7201e-13 7.9146e-13 1.2761e-12 1.8999e-12 1.4492e-12 1.1239e-12 8.0888e-13 8.6933e-13 1.2599e-12 1.5877e-12 1.3832e-12
2.43e-11 2.1683e-11 1.8265e-11 3.9913e-12 2.9113e-12 1.8913e-12 3.3713e-12 2.7253e-12 2.8659e-12 2.5228e-12 1.1712e-12 1.3146e-12 2.7523e-12 2.7807e-12 9.6215e-13 1.1196e-12 1.1212e-12 1.9694e-12 1.7268e-12 9.576e-13 1.014e-12 1.2005e-12 1.4605e-12 1.5612e-12
2.5211e-11 1.3265e-11 9.3487e-12 4.0108e-12 2.76e-12 2.9282e-12 3.8356e-12 1.2888e-12 0 2.5861e-12 3.1386e-12 2.475e-12 2.4704e-12 9.7201e-13 7.9146e-13 1.2761e-12 1.8999e-12 1.4492e-12 1.1239e-12 8.0888e-13 8.6933e-13 1.2599e-12 1.5877e-12 1.3832e-12
1.1181e-11 7.672e-12 4.6369e-12 3.7513e-12 3.9107e-12 2.8224e-12 2.9416e-12 1.5996e-12 2.6028e-12 1.4802e-12 1.2614e-12 2.133e-12 2.2008e-12 1.2237e-12 1.326e-12 9.2196e-13 7.1301e-13 1.3502e-12 9.7686e-13 7.3679e-13 1.1414e-12 1.1909e-12 1.3144e-12 1.4623e-12
5.2515e-12 5.2245e-12 5.3219e-12 5.1268e-12 3.4572e-12 3.5976e-12 2.8533e-12 2.7804e-12 1.3863e-12 1.4053e-12 2.2361e-12 2.2647e-12 1.4405e-12 1.4965e-12 1.3123e-12 1.5132e-12 8.5116e-13 8.2763e-13 9.19e-13 9.5687e-13 1.1743e-12 1.14e-12 1.1699e-12 1.1955e-12
8.9988e-12 9.3581e-12 7.6131e-12 3.4135e-12 4.0278e-12 2.7984e-12 2.1428e-12 2.6907e-12 0 2.0325e-12 2.5836e-12 2.2578e-12 1.2793e-12 1.1742e-12 7.8112e-13 1.4131e-12 1.0854e-12 1.2076e-12 1.0277e-12 1.1116e-12 9.7658e-13 1.1581e-12 1.1938e-12 1.0948e-12
2.43e-11 2.1683e-11 1.8265e-11 3.9913e-12 2.9113e-12 1.8913e-12 3.3713e-12 2.7253e-12 2.8659e-12 2.5228e-12 1.1712e-12 1.3146e-12 2.7523e-12 2.7807e-12 9.6215e-13 1.1196e-12 1.1212e-12 1.9694e-12 1.7268e-12 9.576e-13 1.014e-12 1.2005e-12 1.4605e-12 1.5612e-12
1.6707e-10 1.7106e-10 0 3.5153e-12 3.7431e-12 1.8506e-12 3.5391e-12 0 0 1.2977e-12 2.5138e-12 2.8387e-12 2.8349e-12 2.6676e-12 0 1.1113e-12 1.1745e-12 3.2325e-12 1.986e-12 1.046e-12 9.5941e-13 1.2561e-12 1.8458e-12 1.8893e-12
2.43e-11 2.1683e-11 1.8265e-11 3.9913e-12 2.9113e-12 1.8913e-12 3.3713e-12 2.7253e-12 2.8659e-12 2.5228e-12 1.1712e-12 1.3146e-12 2.7523e-12 2.7807e-12 9.6215e-13 1.1196e-12 1.1212e-12 1.9694e-12 1.7268e-12 9.576e-13 1.014e-12 1.2005e-12 1.4605e-12 1.5612e-12
8.9988e-12 9.3581e-12 7.6131e-12 3.4135e-12 4.0278e-12 2.7984e-12 2.1428e-12 2.6907e-12 0 2.0325e-12 2.5836e-12 2.2578e-12 1.2793e-12 1.1742e-12 7.8112e-13 1.4131e-12 1.0854e-12 1.2076e-12 1.0277e-12 1.1116e-12 9.7658e-13 1.1581e-12 1.1938e-12 1.0948e-12
5.1485e-12 5.5738e-12 4.2987e-12 4.2087e-12 3.7741e-12 3.7209e-12 1.7552e-12 1.7741e-12 2.1129e-12 2.2001e-12 1.8936e-12 2.1561e-12 1.2098e-12 1.3379e-12 1.2409e-12 1.264e-12 9.0189e-13 9.3983e-13 9.4185e-13 9.9128e-13 1.1674e-12 1.1188e-12 1.1373e-12 1.0775e-12
1.1181e-11 7.672e-12 4.6369e-12 3.7513e-12 3.9107e-12 2.8224e-12 2.9416e-12 1.5996e-12 2.6028e-12 1.4802e-12 1.2614e-12 2.133e-12 2.2008e-12 1.2237e-12 1.326e-12 9.2196e-13 7.1301e-13 1.3502e-12 9.7686e-13 7.3679e-13 1.1414e-12 1.1909e-12 1.3144e-12 1.4623e-12
2.5211e-11 1.3265e-11 9.3487e-12 4.0108e-12 2.76e-12 2.9282e-12 3.8356e-12 1.2888e-12 0 2.5861e-12 3.1386e-12 2.475e-12 2.4704e-12 9.7201e-13 7.9146e-13 1.2761e-12 1.8999e-12 1.4492e-12 1.1239e-12 8.0888e-13 8.6933e-13 1.2599e-12 1.5877e-12 1.3832e-12
2.43e-11 2.1683e-11 1.8265e-11 3.9913e-12 2.9113e-12 1.8913e-12 3.3713e-12 2.7253e-12 2.8659e-12 2.5228e-12 1.1712e-12 1.3146e-12 2.7523e-12 2.7807e-12 9.6215e-13 1.1196e-12 1.1212e-12 1.9694e-12 1.7268e-12 9.576e-13 1.014e-12 1.2005e-12 1.4605e-12 1.5612e-12
2.5211e-11 1.3265e-11 9.3487e-12 4.0108e-12 2.76e-12 2.9282e-12 3.8356e-12 1.2888e-12 0 2.5861e-12 3.1386e-12 2.475e-12 2.4704e-12 9.7201e-13 7.9146e-13 1.2761e-12 1.8999e-12 1.4492e-12 1.1239e-12 8.0888e-13 8.6933e-13 1.2599e-12 1.5877e-12 1.3832e-12
1.1181e-11 7.672e-12 4.6369e-12 3.7513e-12 3.9107e-12 2.8224e-12 2.9416e-12 1.5996e-12 2.6028e-12 1.4802e-12 1.2614e-12 2.133e-12 2.2008e-12 1.2237e-12 1.326e-12 9.2196e-13 7.1301e-13 1.3502e-12 9.7686e-13 7.3679e-13 1.1414e-12 1.1909e-12 1.3144e-12 1.4623e-12
5.2515e-12 5.2245e-12 5.3219e-12 5.1268e-12 3.4572e-12 3.5976e-12 2.8533e-12 2.7804e-12 1.3863e-12 1.4053e-12 2.2361e-12 2.2647e-12 1.4405e-12 1.4965e-12 1.3123e-12 1.5132e-12 8.5116e-13 8.2763e-13 9.19e-13 9.5687e-13 1.1743e-12 1.14e-12 1.1699e-12 1.1955e-12
9.2936e-12 5.2342e-12 4.9607e-12 4.2036e-12 3.5961e-12 4.4653e-12 3.161e-12 3.4815e-12 1.221e-12 0 2.2211e-12 1.6673e-12 2.0609e-12 1.4595e-12 2.4434e-12 1.2207e-12 6.8337e-13 7.0082e-13 8.6142e-13 8.024e-13 1.2971e-12 1.3078e-12 1.8999e-12 1.5485e-12
1.1181e-11 7.672e-12 4.6369e-12 3.7513e-12 3.9107e-12 2.8224e-12 2.9416e-12 1.5996e-12 2.6028e-12 1.4802e-12 1.2614e-12 2.133e-12 2.2008e-12 1.2237e-12 1.326e-12 9.2196e-13 7.1301e-13 1.3502e-12 9.7686e-13 7.3679e-13 1.1414e-12 1.1909e-12 1.3144e-12 1.4623e-12
8.9988e-12 9.3581e-12 7.6131e-12 3.4135e-12 4.0278e-12 2.7984e-12 2.1428e-12 2.6907e-12 0 2.0325e-12 2.5836e-12 2.2578e-12 1.2793e-12 1.1742e-12 7.8112e-13 1.4131e-12 1.0854e-12 1.2076e-12 1.0277e-12 1.1116e-12 9.7658e-13 1.1581e-12 1.1938e-12 1.0948e-12
1.1181e-11 7.672e-12 4.6369e-12 3.7513e-12 3.9107e-12 2.8224e-12 2.9416e-12 1.5996e-12 2.6028e-12 1.4802e-12 1.2614e-12 2.133e-12 2.2008e-12 1.2237e-12 1.326e-12 9.2196e-13 7.1301e-13 1.3502e-12 9.7686e-13 7.3679e-13 1.1414e-12 1.1909e-12 1.3144e-12 1.4623e-12
9.2936e-12 5.2342e-12 4.9607e-12 4.2036e-12 3.5961e-12 4.4653e-12 3.161e-12 3.4815e-12 1.221e-12 0 2.2211e-12 1.6673e-12 2.0609e-12 1.4595e-12 2.4434e-12 1.2207e-12 6.8337e-13 7.0082e-13 8.6142e-13 8.024e-13 1.2971e-12 1.3078e-12 1.8999e-12 1.5485e-12
6.732e-12 6.3661e-12 4.9572e-12 4.7853e-12 3.7645e-12 3.7544e-12 3.5799e-12 3.7698e-12 1.5474e-12 1.5452e-12 1.4104e-12 1.3409e-12 1.9108e-12 1.921e-12 1.3653e-12 1.348e-12 6.6836e-13 6.7595e-13 1.0391e-12 9.6862e-13 1.538e-12 1.5678e-12 1.697e-12 1.7104e-12
6.732e-12 6.3661e-12 4.9572e-12 4.7853e-12 3.7645e-12 3.7544e-12 3.5799e-12 3.7698e-12 1.5474e-12 1.5452e-12 1.4104e-12 1.3409e-12 1.9108e-12 1.921e-12 1.3653e-12 1.348e-12 6.6836e-13 6.7595e-13 1.0391e-12 9.6862e-13 1.538e-12 1.5678e-12 1.697e-12 1.7104e-12
5.2515e-12 5.2245e-12 5.3219e-12 5.1268e-12 3.4572e-12 3.5976e-12 2.8533e-12 2.7804e-12 1.3863e-12 1.4053e-12 2.2361e-12 2.2647e-12 1.4405e-12 1.4965e-12 1.3123e-12 1.5132e-12 8.5116e-13 8.2763e-13 9.19e-13 9.5687e-13 1.1743e-12 1.14e-12 1.1699e-12 1.1955e-12
5.1485e-12 5.5738e-12 4.2987e-12 4.2087e-12 3.7741e-12 3.7209e-12 1.7552e-12 1.7741e-12 2.1129e-12 2.2001e-12 1.8936e-12 2.1561e-12 1.2098e-12 1.3379e-12 1.2409e-12 1.264e-12 9.0189e-13 9.3983e-13 9.4185e-13 9.9128e-13 1.1674e-12 1.1188e-12 1.1373e-12 1.0775e-12
5.2515e-12 5.2245e-12 5.3219e-12 5.1268e-12 3.4572e-12 3.5976e-12 2.8533e-12 2.7804e-12 1.3863e-12 1.4053e-12 2.2361e-12 2.2647e-12 1.4405e-12 1.4965e-12 1.3123e-12 1.5132e-12 8.5116e-13 8.2763e-13 9.19e-13 9.5687e-13 1.1743e-12 1.14e-12 1.1699e-12 1.1955e-12
6.732e-12 6.3661e-12 4.9572e-12 4.7853e-12 3.7645e-12 3.7544e-12 3.5799e-12 3.7698e-12 1.5474e-12 1.5452e-12 1.4104e-12 1.3409e-12 1.9108e-12 1.921e-12 1.3653e-12 1.348e-12 6.6836e-13 6.7595e-13 1.0391e-12 9.6862e-13 1.538e-12 1.5678e-12 1.697e-12 1.7104e-12
6.3259e-12 6.0364e-12 5.9903e-12 5.7848e-12 4.0031e-12 3.5532e-12 4.4987e-12 3.9308e-12 3.1115e-12 3.5236e-12 0 0 1.8234e-12 1.6684e-12 1.761e-12 2.0204e-12 7.4603e-13 7.7028e-13 9.2089e-13 8.2115e-13 2.0848e-12 2.0434e-12 1.8627e-12 1.8106e-12
8.7872e-12 6.1673e-12 4.598e-12 3.7469e-12 3.85e-12 4.4558e-12 3.0674e-12 3.4294e-12 0 1.1977e-12 2.3279e-12 1.6716e-12 1.9882e-12 1.38e-12 2.3641e-12 1.2261e-12 7.456e-13 6.4567e-13 8.076e-13 8.8678e-13 1.325e-12 1.2668e-12 1.883e-12 1.5666e-12
9.798e-12 8.8346e-12 6.0754e-12 3.7734e-12 3.9463e-12 2.8455e-12 3.0349e-12 1.3142e-12 2.5523e-12 1.5258e-12 1.3848e-12 2.121e-12 2.1187e-12 1.2206e-12 1.2969e-12 9.8137e-13 7.8133e-13 1.3214e-12 9.1073e-13 7.7951e-13 1.0702e-12 1.1971e-12 1.3038e-12 1.4145e-12
9.9481e-12 9.3667e-12 8.3099e-12 3.9252e-12 3.0894e-12 2.7721e-12 1.7851e-12 2.6729e-12 1.2456e-12 2.0912e-12 2.6521e-12 2.3489e-12 1.3001e-12 1.1725e-12 8.6755e-13 1.4382e-12 1.2305e-12 1.0746e-12 1.0818e-12 8.8415e-13 1.0105e-12 1.1799e-12 1.1649e-12 1.0811e-12
9.798e-12 8.8346e-12 6.0754e-12 3.7734e-12 3.9463e-12 2.8455e-12 3.0349e-12 1.3142e-12 2.5523e-12 1.5258e-12 1.3848e-12 2.121e-12 2.1187e-12 1.2206e-12 1.2969e-12 9.8137e-13 7.8133e-13 1.3214e-12 9.1073e-13 7.7951e-13 1.0702e-12 1.1971e-12 1.3038e-12 1.4145e-12
8.7872e-12 6.1673e-12 4.598e-12 3.7469e-12 3.85e-12 4.4558e-12 3.0674e-12 3.4294e-12 0 1.1977e-12 2.3279e-12 1.6716e-12 1.9882e-12 1.38e-12 2.3641e-12 1.2261e-12 7.456e-13 6.4567e-13 8.076e-13 8.8678e-13 1.325e-12 1.2668e-12 1.883e-12 1.5666e-12
6.9451e-12 6.4148e-12 4.9181e-12 4.9469e-12 3.7726e-12 4.0773e-12 3.5192e-12 3.4743e-12 1.4281e-12 1.5241e-12 1.3495e-12 1.3985e-12 1.7584e-12 1.8533e-12 1.3747e-12 1.3945e-12 7.0282e-13 7.0905e-13 8.6949e-13 8.2629e-13 1.558e-12 1.5621e-12 1.7095e-12 1.7242e-12
9.798e-12 8.8346e-12 6.0754e-12 3.7734e-12 3.9463e-12 2.8455e-12 3.0349e-12 1.3142e-12 2.5523e-12 1.5258e-12 1.3848e-12 2.121e-12 2.1187e-12 1.2206e-12 1.2969e-12 9.8137e-13 7.8133e-13 1.3214e-12 9.1073e-13 7.7951e-13 1.0702e-12 1.1971e-12 1.3038e-12 1.4145e-12
2.203e-11 1.4177e-11 9.0435e-12 4.259e-12 2.8784e-12 2.7512e-12 3.9474e-12 1.5687e-12 0 2.5375e-12 3.2302e-12 2.52e-12 2.4961e-12 1.0593e-12 7.7074e-13 1.2586e-12 1.8143e-12 1.484e-12 9.8715e-13 7.8846e-13 8.5802e-13 1.2618e-12 1.5705e-12 1.348e-12
3.1572e-11 1.6747e-11 1.2161e-11 5.5941e-12 3.5162e-12 3.2175e-12 1.4606e-12 2.5817e-12 2.903e-12 2.4267e-12 1.2761e-12 1.2042e-12 2.6613e-12 2.8527e-12 9.3656e-13 1.2098e-12 1.9865e-12 9.5511e-13 1.721e-12 9.1922e-13 9.5005e-13 1.2351e-12 1.4902e-12 1.5111e-12
2.203e-11 1.4177e-11 9.0435e-12 4.259e-12 2.8784e-12 2.7512e-12 3.9474e-12 1.5687e-12 0 2.5375e-12 3.2302e-12 2.52e-12 2.4961e-12 1.0593e-12 7.7074e-13 1.2586e-12 1.8143e-12 1.484e-12 9.8715e-13 7.8846e-13 8.5802e-13 1.2618e-12 1.5705e-12 1.348e-12
9.798e-12 8.8346e-12 6.0754e-12 3.7734e-12 3.9463e-12 2.8455e-12 3.0349e-12 1.3142e-12 2.5523e-12 1.5258e-12 1.3848e-12 2.121e-12 2.1187e-12 1.2206e-12 1.2969e-12 9.8137e-13 7.8133e-13 1.3214e-12 9.1073e-13 7.7951e-13 1.0702e-12 1.1971e-12 1.3038e-12 1.4145e-12
5.3334e-12 5.1301e-12 4.9063e-12 4.8724e-12 3.6253e-12 3.4604e-12 2.7363e-12 2.7464e-12 1.371e-12 1.4307e-12 2.0899e-12 2.1923e-12 1.3687e-12 1.5119e-12 1.3411e-12 1.4109e-12 9.2562e-13 9.6516e-13 9.1579e-13 9.3761e-13 1.1785e-12 1.1588e-12 1.1546e-12 1.2306e-12
9.9481e-12 9.3667e-12 8.3099e-12 3.9252e-12 3.0894e-12 2.7721e-12 1.7851e-12 2.6729e-12 1.2456e-12 2.0912e-12 2.6521e-12 2.3489e-12 1.3001e-12 1.1725e-12 8.6755e-13 1.4382e-12 1.2305e-12 1.0746e-12 1.0818e-12 8.8415e-13 1.0105e-12 1.1799e-12 1.1649e-12 1.0811e-12
3.1572e-11 1.6747e-11 1.2161e-11 5.5941e-12 3.5162e-12 3.2175e-12 1.4606e-12 2.5817e-12 2.903e-12 2.4267e-12 1.2761e-12 1.2042e-12 2.6613e-12 2.8527e-12 9.3656e-13 1.2098e-12 1.9865e-12 9.5511e-13 1.721e-12 9.1922e-13 9.5005e-13 1.2351e-12 1.4902e-12 1.5111e-12
4.7375e-11 5.1846e-11 4.3879e-11 4.2461e-12 4.3629e-12 1.9398e-12 3.1149e-12 1.7327e-12 1.102e-12 1.1654e-12 2.7662e-12 2.7985e-12 2.8055e-12 2.6462e-12 6.9356e-13 1.2339e-12 1.175e-12 3.4063e-12 2.058e-12 1.002e-12 9.297e-13 1.1357e-12 1.8635e-12 1.8139e-12
3.1572e-11 1.6747e-11 1.2161e-11 5.5941e-12 3.5162e-12 3.2175e-12 1.4606e-12 2.5817e-12 2.903e-12 2.4267e-12 1.2761e-12 1.2042e-12 2.6613e-12 2.8527e-12 9.3656e-13 1.2098e-12 1.9865e-12 9.5511e-13 1.721e-12 9.1922e-13 9.5005e-13 1.2351e-12 1.4902e-12 1.5111e-12
9.9481e-12 9.3667e-12 8.3099e-12 3.9252e-12 3.0894e-12 2.7721e-12 1.7851e-12 2.6729e-12 1.2456e-12 2.0912e-12 2.6521e-12 2.3489e-12 1.3001e-12 1.1725e-12 8.6755e-13 1.4382e-12 1.2305e-12 1.0746e-12 1.0818e-12 8.8415e-13 1.0105e-12 1.1799e-12 1.1649e-12 1.0811e-12
5.753e-12 5.0435e-12 4.1286e-12 3.9244e-12 3.4808e-12 3.3816e-12 1.8355e-12 1.858e-12 2.1182e-12 2.2622e-12 2.0429e-12 2.1326e-12 1.2439e-12 1.2735e-12 1.129e-12 1.184e-12 9.8233e-13 1.004e-12 9.0825e-13 9.862e-13 1.1624e-12 1.1077e-12 1.0981e-12 1.0596e-12
9.798e-12 8.8346e-12 6.0754e-12 3.7734e-12 3.9463e-12 2.8455e-12 3.0349e-12 1.3142e-12 2.5523e-12 1.5258e-12 1.3848e-12 2.121e-12 2.1187e-12 1.2206e-12 1.2969e-12 9.8137e-13 7.8133e-13 1.3214e-12 9.1073e-13 7.7951e-13 1.0702e-12 1.1971e-12 1.3038e-12 1.4145e-12
2.203e-11 1.4177e-11 9.0435e-12 4.259e-12 2.8784e-12 2.7512e-12 3.9474e-12 1.5687e-12 0 2.5375e-12 3.2302e-12 2.52e-12 2.4961e-12 1.0593e-12 7.7074e-13 1.2586e-12 1.8143e-12 1.484e-12 9.8715e-13 7.8846e-13 8.5802e-13 1.2618e-12 1.5705e-12 1.348e-12
3.1572e-11 1.6747e-11 1.2161e-11 5.5941e-12 3.5162e-12 3.2175e-12 1.4606e-12 2.5817e-12 2.903e-12 2.4267e-12 1.2761e-12 1.2042e-12 2.6613e-12 2.8527e-12 9.3656e-13 1.2098e-12 1.9865e-12 9.5511e-13 1.721e-12 9.1922e-13 9.5005e-13 1.2351e-12 1.4902e-12 1.5111e-12
2.203e-11 1.4177e-11 9.0435e-12 4.259e-12 2.8784e-12 2.7512e-12 3.9474e-12 1.5687e-12 0 2.5375e-12 3.2302e-12 2.52e-12 2.4961e-12 1.0593e-12 7.7074e-13 1.2586e-12 1.8143e-12 1.484e-12 9.8715e-13 7.8846e-13 8.5802e-13 1.2618e-12 1.5705e-12 1.348e-12
9.798e-12 8.8346e-12 6.0754e-12 3.7734e-12 3.9463e-12 2.8455e-12 3.0349e-12 1.3142e-12 2.5523e-12 1.5258e-12 1.3848e-12 2.121e-12 2.1187e-12 1.2206e-12 1.2969e-12 9.8137e-13 7.8133e-13 1.3214e-12 9.1073e-13 7.7951e-13 1.0702e-12 1.1971e-12 1.3038e-12 1.4145e-12
5.3334e-12 5.1301e-12 4.9063e-12 4.8724e-12 3.6253e-12 3.4604e-12 2.7363e-12 2.7464e-12 1.371e-12 1.4307e-12 2.0899e-12 2.1923e-12 1.3687e-12 1.5119e-12 1.3411e-12 1.4109e-12 9.2562e-13 9.6516e-13 9.1579e-13 9.3761e-13 1.1785e-12 1.1588e-12 1.1546e-12 1.2306e-12
8.7872e-12 6.1673e-12 4.598e-12 3.7469e-12 3.85e-12 4.4558e-12 3.0674e-12 3.4294e-12 0 1.1977e-12 2.3279e-12 1.6716e-12 1.9882e-12 1.38e-12 2.3641e-12 1.2261e-12 7.456e-13 6.4567e-13 8.076e-13 8.8678e-13 1.325e-12 1.2668e-12 1.883e-12 1.5666e-12
9.798e-12 8.8346e-12 6.0754e-12 3.7734e-12 3.9463e-12 2.8455e-12 3.0349e-12 1.3142e-12 2.5523e-12 1.5258e-12 1.3848e-12 2.121e-12 2.1187e-12 1.2206e-12 1.2969e-12 9.8137e-13 7.8133e-13 1.3214e-12 9.1073e-13 7.7951e-13 1.0702e-12 1.1971e-12 1.3038e-12 1.4145e-12
9.9481e-12 9.3667e-12 8.3099e-12 3.9252e-12 3.0894e-12 2.7721e-12 1.7851e-12 2.6729e-12 1.2456e-12 2.0912e-12 2.6521e-12 2.3489e-12 1.3001e-12 1.1725e-12 8.6755e-13 1.4382e-12 1.2305e-12 1.0746e-12 1.0818e-12 8.8415e-13 1.0105e-12 1.1799e-12 1.1649e-12 1.0811e-12
9.798e-12 8.8346e-12 6.0754e-12 3.7734e-12 3.9463e-12 2.8455e-12 3.0349e-12 1.3142e-12 2.5523e-12 1.5258e-12 1.3848e-12 2.121e-12 2.1187e-12 1.2206e-12 1.2969e-12 9.8137e-13 7.8133e-13 1.3214e-12 9.1073e-13 7.7951e-13 1.0702e-12 1.1971e-12 1.3038e-12 1.4145e-12
8.7872e-12 6.1673e-12 4.598e-12 3.7469e-12 3.85e-12 4.4558e-12 3.0674e-12 3.4294e-12 0 1.1977e-12 2.3279e-12 1.6716e-12 1.9882e-12 1.38e-12 2.3641e-12 1.2261e-12 7.456e-13 6.4567e-13 8.076e-13 8.8678e-13 1.325e-12 1.2668e-12 1.883e-12 1.5666e-12
6.9451e-12 6.4148e-12 4.9181e-12 4.9469e-12 3.7726e-12 4.0773e-12 3.5192e-12 3.4743e-12 1.4281e-12 1.5241e-12 1.3495e-12 1.3985e-12 1.7584e-12 1.8533e-12 1.3747e-12 1.3945e-12 7.0282e-13 7.0905e-13 8.6949e-13 8.2629e-13 1.558e-12 1.5621e-12 1.7095e-12 1.7242e-12
6.9451e-12 6.4148e-12 4.9181e-12 4.9469e-12 3.7726e-12 4.0773e-12 3.5192e-12 3.4743e-12 1.4281e-12 1.5241e-12 1.3495e-12 1.3985e-12 1.7584e-12 1.8533e-12 1.3747e-12 1.3945e-12 7.0282e-13 7.0905e-13 8.6949e-13 8.2629e-13 1.558e-12 1.5621e-12 1.7095e-12 1.7242e-12
5.3334e-12 5.1301e-12 4.9063e-12 4.8724e-12 3.6253e-12 3.4604e-12 2.7363e-12 2.7464e-12 1.371e-12 1.4307e-12 2.0899e-12 2.1923e-12 1.3687e-12 1.5119e-12 1.3411e-12 1.4109e-12 9.2562e-13 9.6516e-13 9.1579e-13 9.3761e-13 1.1785e-12 1.1588e-12 1.1546e-12 1.2306e-12
5.753e-12 5.0435e-12 4.1286e-12 3.9244e-12 3.4808e-12 3.3816e-12 1.8355e-12 1.858e-12 2.1182e-12 2.2622e-12 2.0429e-12 2.1326e-12 1.2439e-12 1.2735e-12 1.129e-12 1.184e-12 9.8233e-13 1.004e-12 9.0825e-13 9.862e-13 1.1624e-12 1.1077e-12 1.0981e-12 1.0596e-12
5.3334e-12 5.1301e-12 4.9063e-12 4.8724e-12 3.6253e-12 3.4604e-12 2.7363e-12 2.7464e-12 1.371e-12 1.4307e-12 2.0899e-12 2.1923e-12 1.3687e-12 1.5119e-12 1.3411e-12 1.4109e-12 9.2562e-13 9.6516e-13 9.1579e-13 9.3761e-13 1.1785e-12 1.1588e-12 1.1546e-12 1.2306e-12
6.9451e-12 6.4148e-12 4.9181e-12 4.9469e-12 3.7726e-12 4.0773e-12 3.5192e-12 3.4743e-12 1.4281e-12 1.5241e-12 1.3495e-12 1.3985e-12 1.7584e-12 1.8533e-12 1.3747e-12 1.3945e-12 7.0282e-13 7.0905e-13 8.6949e-13 8.2629e-13 1.558e-12 1.5621e-12 1.7095e-12 1.7242e-12
5.9729e-12 6.9023e-12 6.421e-12 5.7134e-12 4.1196e-12 3.7603e-12 4.2193e-12 4.5042e-12 3.5062e-12 4.0925e-12 0 0 1.799e-12 1.7434e-12 1.6826e-12 1.8066e-12 6.6634e-13 6.6014e-13 8.3529e-13 7.0819e-13 2.005e-12 2.113e-12 1.9116e-12 1.725e-12
8.6995e-12 6.7061e-12 4.2635e-12 3.6179e-12 3.6606e-12 4.5727e-12 2.9954e-12 3.3352e-12 0 1.3928e-12 2.3102e-12 1.6833e-12 1.9854e-12 1.4093e-12 2.4118e-12 1.2252e-12 8.2721e-13 6.1775e-13 7.5227e-13 9.3686e-13 1.2904e-12 1.288e-12 1.8707e-12 1.6123e-12
8.7277e-12 8.9063e-12 6.9852e-12 3.5354e-12 3.8392e-12 2.9453e-12 3.1131e-12 2.4569e-12 1.3625e-12 1.6173e-12 1.4712e-12 2.1688e-12 2.113e-12 1.1951e-12 1.2981e-12 1.0561e-12 9.0157e-13 1.3292e-12 8.261e-13 8.4405e-13 1.0006e-12 1.1911e-12 1.3109e-12 1.4067e-12
1.068e-11 8.503e-12 7.2145e-12 3.7533e-12 2.8901e-12 1.6781e-12 2.8798e-12 2.7511e-12 2.1281e-12 1.4087e-12 2.5853e-12 2.3686e-12 1.2001e-12 1.2923e-12 9.8313e-13 1.4514e-12 1.2865e-12 9.961e-13 9.9163e-13 7.5919e-13 1.0024e-12 1.1851e-12 1.1664e-12 1.1141e-12
8.7277e-12 8.9063e-12 6.9852e-12 3.5354e-12 3.8392e-12 2.9453e-12 3.1131e-12 2.4569e-12 1.3625e-12 1.6173e-12 1.4712e-12 2.1688e-12 2.113e-12 1.1951e-12 1.2981e-12 1.0561e-12 9.0157e-13 1.3292e-12 8.261e-13 8.4405e-13 1.0006e-12 1.1911e-12 1.3109e-12 1.4067e-12
8.6995e-12 6.7061e-12 4.2635e-12 3.6179e-12 3.6606e-12 4.5727e-12 2.9954e-12 3.3352e-12 0 1.3928e-12 2.3102e-12 1.6833e-12 1.9854e-12 1.4093e-12 2.4118e-12 1.2252e-12 8.2721e-13 6.1775e-13 7.5227e-13 9.3686e-13 1.2904e-12 1.288e-12 1.8707e-12 1.6123e-12
6.4081e-12 6.4445e-12 5.0965e-12 4.7214e-12 3.9782e-12 4.1179e-12 3.2212e-12 3.3431e-12 1.3894e-12 1.4463e-12 1.4133e-12 1.4934e-12 1.6283e-12 1.781e-12 1.3755e-12 1.4219e-12 7.197e-13 7.1395e-13 7.293e-13 7.1893e-13 1.5466e-12 1.5892e-12 1.685e-12 1.6777e-12
8.7277e-12 8.9063e-12 6.9852e-12 3.5354e-12 3.8392e-12 2.9453e-12 3.1131e-12 2.4569e-12 1.3625e-12 1.6173e-12 1.4712e-12 2.1688e-12 2.113e-12 1.1951e-12 1.2981e-12 1.0561e-12 9.0157e-13 1.3292e-12 8.261e-13 8.4405e-13 1.0006e-12 1.1911e-12 1.3109e-12 1.4067e-12
1.5984e-11 1.7572e-11 1.0093e-11 5.3298e-12 2.2492e-12 2.7794e-12 3.7589e-12 1.7081e-12 2.4928e-12 3.2083e-12 1.193e-12 2.4755e-12 2.4443e-12 1.1125e-12 7.6363e-13 1.2642e-12 1.8343e-12 1.4504e-12 8.4747e-13 7.8858e-13 8.2974e-13 1.2751e-12 1.548e-12 1.3658e-12
2.8427e-11 1.3589e-11 1.0356e-11 5.433e-12 4.0591e-12 3.2935e-12 2.0286e-12 2.6276e-12 3.0223e-12 2.577e-12 1.3485e-12 1.1519e-12 2.5436e-12 2.6388e-12 8.9604e-13 1.2505e-12 1.8672e-12 7.8868e-13 1.7626e-12 8.3589e-13 9.223e-13 1.3531e-12 1.4376e-12 1.5878e-12
1.5984e-11 1.7572e-11 1.0093e-11 5.3298e-12 2.2492e-12 2.7794e-12 3.7589e-12 1.7081e-12 2.4928e-12 3.2083e-12 1.193e-12 2.4755e-12 2.4443e-12 1.1125e-12 7.6363e-13 1.2642e-12 1.8343e-12 1.4504e-12 8.4747e-13 7.8858e-13 8.2974e-13 1.2751e-12 1.548e-12 1.3658e-12
8.7277e-12 8.9063e-12 6.9852e-12 3.5354e-12 3.8392e-12 2.9453e-12 3.1131e-12 2.4569e-12 1.3625e-12 1.6173e-12 1.4712e-12 2.1688e-12 2.113e-12 1.1951e-12 1.2981e-12 1.0561e-12 9.0157e-13 1.3292e-12 8.261e-13 8.4405e-13 1.0006e-12 1.1911e-12 1.3109e-12 1.4067e-12
5.3602e-12 5.6153e-12 4.57e-12 4.8337e-12 3.4781e-12 3.5694e-12 2.8988e-12 2.8057e-12 1.5229e-12 1.5805e-12 1.8974e-12 2.2372e-12 1.3908e-12 1.434e-12 1.3374e-12 1.3882e-12 1.0317e-12 1.0302e-12 9.2859e-13 9.3821e-13 1.1894e-12 1.1266e-12 1.1437e-12 1.2435e-12
1.068e-11 8.503e-12 7.2145e-12 3.7533e-12 2.8901e-12 1.6781e-12 2.8798e-12 2.7511e-12 2.1281e-12 1.4087e-12 2.5853e-12 2.3686e-12 1.2001e-12 1.2923e-12 9.8313e-13 1.4514e-12 1.2865e-12 9.961e-13 9.9163e-13 7.5919e-13 1.0024e-12 1.1851e-12 1.1664e-12 1.1141e-12
2.8427e-11 1.3589e-11 1.0356e-11 5.433e-12 4.0591e-12 3.2935e-12 2.0286e-12 2.6276e-12 3.0223e-12 2.577e-12 1.3485e-12 1.1519e-12 2.5436e-12 2.6388e-12 8.9604e-13 1.2505e-12 1.8672e-12 7.8868e-13 1.7626e-12 8.3589e-13 9.223e-13 1.3531e-12 1.4376e-12 1.5878e-12
2.2683e-11 2.7114e-11 2.2109e-11 5.9069e-12 5.2053e-12 2.4724e-12 1.9652e-12 3.2182e-12 1.2149e-12 1.3766e-12 2.9609e-12 2.5901e-12 2.7701e-12 2.701e-12 5.9536e-13 1.2743e-12 1.2441e-12 2.6427e-12 1.9259e-12 9.3504e-13 8.7392e-13 1.4048e-12 1.8766e-12 1.8817e-12
2.8427e-11 1.3589e-11 1.0356e-11 5.433e-12 4.0591e-12 3.2935e-12 2.0286e-12 2.6276e-12 3.0223e-12 2.577e-12 1.3485e-12 1.1519e-12 2.5436e-12 2.6388e-12 8.9604e-13 1.2505e-12 1.8672e-12 7.8868e-13 1.7626e-12 8.3589e-13 9.223e-13 1.3531e-12 1.4376e-12 1.5878e-12
1.068e-11 8.503e-12 7.2145e-12 3.7533e-12 2.8901e-12 1.6781e-12 2.8798e-12 2.7511e-12 2.1281e-12 1.4087e-12 2.5853e-12 2.3686e-12 1.2001e-12 1.2923e-12 9.8313e-13 1.4514e-12 1.2865e-12 9.961e-13 9.9163e-13 7.5919e-13 1.0024e-12 1.1851e-12 1.1664e-12 1.1141e-12
6.0796e-12 6.3941e-12 3.7482e-12 3.8144e-12 3.3551e-12 3.4004e-12 1.9834e-12 1.845e-12 2.1888e-12 2.1034e-12 1.9335e-12 2.1229e-12 1.2452e-12 1.3311e-12 1.0733e-12 1.1256e-12 1.0395e-12 1.0503e-12 9.351e-13 9.7229e-13 1.1973e-12 1.1e-12 1.163e-12 1.079e-12
8.7277e-12 8.9063e-12 6.9852e-12 3.5354e-12 3.8392e-12 2.9453e-12 3.1131e-12 2.4569e-12 1.3625e-12 1.6173e-12 1.4712e-12 2.1688e-12 2.113e-12 1.1951e-12 1.2981e-12 1.0561e-12 9.0157e-13 1.3292e-12 8.261e-13 8.4405e-13 1.0006e-12 1.1911e-12 1.3109e-12 1.4067e-12
1.5984e-11 1.7572e-11 1.0093e-11 5.3298e-12 2.2492e-12 2.7794e-12 3.7589e-12 1.7081e-12 2.4928e-12 3.2083e-12 1.193e-12 2.4755e-12 2.4443e-12 1.1125e-12 7.6363e-13 1.2642e-12 1.8343e-12 1.4504e-12 8.4747e-13 7.8858e-13 8.2974e-13 1.2751e-12 1.548e-12 1.3658e-12
2.8427e-11 1.3589e-11 1.0356e-11 5.433e-12 4.0591e-12 3.2935e-12 2.0286e-12 2.6276e-12 3.0223e-12 2.577e-12 1.3485e-12 1.1519e-12 2.5436e-12 2.6388e-12 8.9604e-13 1.2505e-12 1.8672e-12 7.8868e-13 1.7626e-12 8.3589e-13 9.223e-13 1.3531e-12 1.4376e-12 1.5878e-12
1.5984e-11 1.7572e-11 1.0093e-11 5.3298e-12 2.2492e-12 2.7794e-12 3.7589e-12 1.7081e-12 2.4928e-12 3.2083e-12 1.193e-12 2.4755e-12 2.4443e-12 1.1125e-12 7.6363e-13 1.2642e-12 1.8343e-12 1.4504e-12 8.4747e-13 7.8858e-13 8.2974e-13 1.2751e-12 1.548e-12 1.3658e-12
8.7277e-12 8.9063e-12 6.9852e-12 3.5354e-12 3.8392e-12 2.9453e-12 3.1131e-12 2.4569e-12 1.3625e-12 1.6173e-12 1.4712e-12 2.1688e-12 2.113e-12 1.1951e-12 1.2981e-12 1.0561e-12 9.0157e-13 1.3292e-12 8.261e-13 8.4405e-13 1.0006e-12 1.1911e-12 1.3109e-12 1.4067e-12
5.3602e-12 5.6153e-12 4.57e-12 4.8337e-12 3.4781e-12 3.5694e-12 2.8988e-12 2.8057e-12 1.5229e-12 1.5805e-12 1.8974e-12 2.2372e-12 1.3908e-12 1.434e-12 1.3374e-12 1.3882e-12 1.0317e-12 1.0302e-12 9.2859e-13 9.3821e-13 1.1894e-12 1.1266e-12 1.1437e-12 1.2435e-12
8.6995e-12 6.7061e-12 4.2635e-12 3.6179e-12 3.6606e-12 4.5727e-12 2.9954e-12 3.3352e-12 0 1.3928e-12 2.3102e-12 1.6833e-12 1.9854e-12 1.4093e-12 2.4118e-12 1.2252e-12 8.2721e-13 6.1775e-13 7.5227e-13 9.3686e-13 1.2904e-12 1.288e-12 1.8707e-12 1.6123e-12
8.7277e-12 8.9063e-12 6.9852e-12 3.5354e-12 3.8392e-12 2.9453e-12 3.1131e-12 2.4569e-12 1.3625e-12 1.6173e-12 1.4712e-12 2.1688e-12 2.113e-12 1.1951e-12 1.2981e-12 1.0561e-12 9.0157e-13 1.3292e-12 8.261e-13 8.4405e-13 1.0006e-12 1.1911e-12 1.3109e-12 1.4067e-12
1.068e-11 8.503e-12 7.2145e-12 3.7533e-12 2.8901e-12 1.6781e-12 2.8798e-12 2.7511e-12 2.1281e-12 1.4087e-12 2.5853e-12 2.3686e-12 1.2001e-12 1.2923e-12 9.8313e-13 1.4514e-12 1.2865e-12 9.961e-13 9.9163e-13 7.5919e-13 1.0024e-12 1.1851e-12 1.1664e-12 1.1141e-12
8.7277e-12 8.9063e-12 6.9852e-12 3.5354e-12 3.8392e-12 2.9453e-12 3.1131e-12 2.4569e-12 1.3625e-12 1.6173e-12 1.4712e-12 2.1688e-12 2.113e-12 1.1951e-12 1.2981e-12 1.0561e-12 9.0157e-13 1.3292e-12 8.261e-13 8.4405e-13 1.0006e-12 1.1911e-12 1.3109e-12 1.4067e-12
8.6995e-12 6.7061e-12 4.2635e-12 3.6179e-12 3.6606e-12 4.5727e-12 2.9954e-12 3.3352e-12 0 1.3928e-12 2.3102e-12 1.6833e-12 1.9854e-12 1.4093e-12 2.4118e-12 1.2252e-12 8.2721e-13 6.1775e-13 7.5227e-13 9.3686e-13 1.2904e-12 1.288e-12 1.8707e-12 1.6123e-12
6.4081e-12 6.4445e-12 5.0965e-12 4.7214e-12 3.9782e-12 4.1179e-12 3.2212e-12 3.3431e-12 1.3894e-12 1.4463e-12 1.4133e-12 1.4934e-12 1.6283e-12 1.781e-12 1.3755e-12 1.4219e-12 7.197e-13 7.1395e-13 7.293e-13 7.1893e-13 1.5466e-12 1.5892e-12 1.685e-12 1.6777e-12
6.4081e-12 6.4445e-12 5.0965e-12 4.7214e-12 3.9782e-12 4.1179e-12 3.2212e-12 3.3431e-12 1.3894e-12 1.4463e-12 1.4133e-12 1.4934e-12 1.6283e-12 1.781e-12 1.3755e-12 1.4219e-12 7.197e-13 7.1395e-13 7.293e-13 7.1893e-13 1.5466e-12 1.5892e-12 1.685e-12 1.6777e-12
5.3602e-12 5.6153e-12 4.57e-12 4.8337e-12 3.4781e-12 3.5694e-12 2.8988e-12 2.8057e-12 1.5229e-12 1.5805e-12 1.8974e-12 2.2372e-12 1.3908e-12 1.434e-12 1.3374e-12 1.3882e-12 1.0317e-12 1.0302e-12 9.2859e-13 9.3821e-13 1.1894e-12 1.1266e-12 1.1437e-12 1.2435e-12
6.0796e-12 6.3941e-12 3.7482e-12 3.8144e-12 3.3551e-12 3.4004e-12 1.9834e-12 1.845e-12 2.1888e-12 2.1034e-12 1.9335e-12 2.1229e-12 1.2452e-12 1.3311e-12 1.0733e-12 1.1256e-12 1.0395e-12 1.0503e-12 9.351e-13 9.7229e-13 1.1973e-12 1.1e-12 1.163e-12 1.079e-12
5.3602e-12 5.6153e-12 4.57e-12 4.8337e-12 3.4781e-12 3.5694e-12 2.8988e-12 2.8057e-12 1.5229e-12 1.5805e-12 1.8974e-12 2.2372e-12 1.3908e-12 1.434e-12 1.3374e-12 1.3882e-12 1.0317e-12 1.0302e-12 9.2859e-13 9.3821e-13 1.1894e-12 1.1266e-12 1.1437e-12 1.2435e-12
6.4081e-12 6.4445e-12 5.0965e-12 4.7214e-12 3.9782e-12 4.1179e-12 3.2212e-12 3.3431e-12 1.3894e-12 1.4463e-12 1.4133e-12 1.4934e-12 1.6283e-12 1.781e-12 1.3755e-12 1.4219e-12 7.197e-13 7.1395e-13 7.293e-13 7.1893e-13 1.5466e-12 1.5892e-12 1.685e-12 1.6777e-12
6.5194e-12 6.5273e-12 5.9953e-12 6.5179e-12 4.0538e-12 3.8598e-12 3.7603e-12 4.1684e-12 3.5821e-12 3.1836e-12 0 0 1.742e-12 1.5963e-12 1.6803e-12 1.8204e-12 6.0727e-13 0 7.3867e-13 6.1056e-13 1.995e-12 1.8984e-12 1.8943e-12 1.9039e-12
8.9269e-12 7.203e-12 4.7792e-12 4.2048e-12 3.6186e-12 4.4773e-12 2.9048e-12 3.17e-12 0 1.6471e-12 2.2703e-12 1.6302e-12 1.8318e-12 1.4047e-12 2.4315e-12 1.2274e-12 8.9942e-13 9.9493e-13 5.7305e-13 7.0767e-13 1.2996e-12 1.226e-12 1.8019e-12 1.5909e-12
8.8425e-12 9.3629e-12 7.6739e-12 3.9533e-12 3.7398e-12 2.8833e-12 3.1096e-12 2.2897e-12 1.5468e-12 1.7514e-12 1.5453e-12 2.1481e-12 2.0485e-12 1.2021e-12 1.2626e-12 1.1085e-12 1.0326e-12 1.3083e-12 7.7458e-13 8.8021e-13 9.8283e-13 1.1974e-12 1.3172e-12 1.4227e-12
1.2588e-11 9.8725e-12 6.5515e-12 3.8606e-12 1.7923e-12 2.9486e-12 2.8519e-12 2.929e-12 2.2856e-12 1.4164e-12 2.6322e-12 2.2412e-12 1.1328e-12 1.3406e-12 1.1044e-12 1.4235e-12 1.3377e-12 9.6305e-13 9.2549e-13 7.1086e-13 1.0504e-12 1.2351e-12 1.1483e-12 1.1097e-12
8.8425e-12 9.3629e-12 7.6739e-12 3.9533e-12 3.7398e-12 2.8833e-12 3.1096e-12 2.2897e-12 1.5468e-12 1.7514e-12 1.5453e-12 2.1481e-12 2.0485e-12 1.2021e-12 1.2626e-12 1.1085e-12 1.0326e-12 1.3083e-12 7.7458e-13 8.8021e-13 9.8283e-13 1.1974e-12 1.3172e-12 1.4227e-12
8.9269e-12 7.203e-12 4.7792e-12 4.2048e-12 3.6186e-12 4.4773e-12 2.9048e-12 3.17e-12 0 1.6471e-12 2.2703e-12 1.6302e-12 1.8318e-12 1.4047e-12 2.4315e-12 1.2274e-12 8.9942e-13 9.9493e-13 5.7305e-13 7.0767e-13 1.2996e-12 1.226e-12 1.8019e-12 1.5909e-12
6.4629e-12 6.4156e-12 5.1265e-12 5.2577e-12 4.1602e-12 4.2169e-12 3.4766e-12 3.4216e-12 1.3759e-12 1.3918e-12 1.4477e-12 1.559e-12 1.5437e-12 1.7987e-12 1.3959e-12 1.4054e-12 7.1438e-13 6.7258e-13 6.6577e-13 6.3509e-13 1.5465e-12 1.5818e-12 1.6971e-12 1.6979e-12
8.8425e-12 9.3629e-12 7.6739e-12 3.9533e-12 3.7398e-12 2.8833e-12 3.1096e-12 2.2897e-12 1.5468e-12 1.7514e-12 1.5453e-12 2.1481e-12 2.0485e-12 1.2021e-12 1.2626e-12 1.1085e-12 1.0326e-12 1.3083e-12 7.7458e-13 8.8021e-13 9.8283e-13 1.1974e-12 1.3172e-12 1.4227e-12
1.4673e-11 1.5589e-11 1.0308e-11 8.0354e-12 1.9069e-12 2.7201e-12 3.7181e-12 1.808e-12 2.3816e-12 3.0744e-12 1.25e-12 2.3965e-12 2.4792e-12 1.1682e-12 7.7734e-13 1.3198e-12 1.8185e-12 1.4772e-12 7.5344e-13 7.6987e-13 8.2949e-13 1.2763e-12 1.5509e-12 1.3791e-12
2.3769e-11 1.3949e-11 1.3749e-11 5.2226e-12 3.9337e-12 2.3257e-12 3.2537e-12 2.5607e-12 3.0237e-12 2.4071e-12 1.1756e-12 1.399e-12 2.6956e-12 2.6848e-12 9.0634e-13 1.3163e-12 2.0462e-12 6.8768e-13 1.7959e-12 7.899e-13 8.8579e-13 1.4176e-12 1.4585e-12 1.6076e-12
1.4673e-11 1.5589e-11 1.0308e-11 8.0354e-12 1.9069e-12 2.7201e-12 3.7181e-12 1.808e-12 2.3816e-12 3.0744e-12 1.25e-12 2.3965e-12 2.4792e-12 1.1682e-12 7.7734e-13 1.3198e-12 1.8185e-12 1.4772e-12 7.5344e-13 7.6987e-13 8.2949e-13 1.2763e-12 1.5509e-12 1.3791e-12
8.8425e-12 9.3629e-12 7.6739e-12 3.9533e-12 3.7398e-12 2.8833e-12 3.1096e-12 2.2897e-12 1.5468e-12 1.7514e-12 1.5453e-12 2.1481e-12 2.0485e-12 1.2021e-12 1.2626e-12 1.1085e-12 1.0326e-12 1.3083e-12 7.7458e-13 8.8021e-13 9.8283e-13 1.1974e-12 1.3172e-12 1.4227e-12
5.7579e-12 5.3457e-12 4.4314e-12 4.8985e-12 3.4912e-12 3.4685e-12 2.8813e-12 2.8694e-12 1.6202e-12 1.6678e-12 1.9032e-12 2.0112e-12 1.413e-12 1.4358e-12 1.3147e-12 1.4116e-12 1.0655e-12 1.0825e-12 9.6563e-13 9.5675e-13 1.1383e-12 1.1545e-12 1.1235e-12 1.2384e-12
1.2588e-11 9.8725e-12 6.5515e-12 3.8606e-12 1.7923e-12 2.9486e-12 2.8519e-12 2.929e-12 2.2856e-12 1.4164e-12 2.6322e-12 2.2412e-12 1.1328e-12 1.3406e-12 1.1044e-12 1.4235e-12 1.3377e-12 9.6305e-13 9.2549e-13 7.1086e-13 1.0504e-12 1.2351e-12 1.1483e-12 1.1097e-12
2.3769e-11 1.3949e-11 1.3749e-11 5.2226e-12 3.9337e-12 2.3257e-12 3.2537e-12 2.5607e-12 3.0237e-12 2.4071e-12 1.1756e-12 1.399e-12 2.6956e-12 2.6848e-12 9.0634e-13 1.3163e-12 2.0462e-12 6.8768e-13 1.7959e-12 7.899e-13 8.8579e-13 1.4176e-12 1.4585e-12 1.6076e-12
1.8554e-11 1.6349e-11 1.6136e-11 6.9916e-12 8.1611e-12 3.7472e-12 1.9734e-12 3.6669e-12 1.2739e-12 1.3583e-12 3.0396e-12 2.6192e-12 2.7962e-12 3.1944e-12 1.3372e-12 1.3285e-12 0 3.036e-12 2.0103e-12 8.3322e-13 8.2904e-13 1.4088e-12 1.7727e-12 1.9206e-12
2.3769e-11 1.3949e-11 1.3749e-11 5.2226e-12 3.9337e-12 2.3257e-12 3.2537e-12 2.5607e-12 3.0237e-12 2.4071e-12 1.1756e-12 1.399e-12 2.6956e-12 2.6848e-12 9.0634e-13 1.3163e-12 2.0462e-12 6.8768e-13 1.7959e-12 7.899e-13 8.8579e-13 1.4176e-12 1.4585e-12 1.6076e-12
1.2588e-11 9.8725e-12 6.5515e-12 3.8606e-12 1.7923e-12 2.9486e-12 2.8519e-12 2.929e-12 2.2856e-12 1.4164e-12 2.6322e-12 2.2412e-12 1.1328e-12 1.3406e-12 1.1044e-12 1.4235e-12 1.3377e-12 9.6305e-13 9.2549e-13 7.1086e-13 1.0504e-12 1.2351e-12 1.1483e-12 1.1097e-12
6.1906e-12 6.0418e-12 4.0342e-12 3.6063e-12 3.2957e-12 3.516e-12 2.2582e-12 2.3256e-12 2.0207e-12 1.9683e-12 1.895e-12 1.9455e-12 1.2863e-12 1.3607e-12 9.6977e-13 1.0521e-12 1.0556e-12 1.0329e-12 9.4107e-13 9.3969e-13 1.2151e-12 1.1421e-12 1.0924e-12 1.0928e-12
8.8425e-12 9.3629e-12 7.6739e-12 3.9533e-12 3.7398e-12 2.8833e-12 3.1096e-12 2.2897e-12 1.5468e-12 1.7514e-12 1.5453e-12 2.1481e-12 2.0485e-12 1.2021e-12 1.2626e-12 1.1085e-12 1.0326e-12 1.3083e-12 7.7458e-13 8.8021e-13 9.8283e-13 1.1974e-12 1.3172e-12 1.4227e-12
1.4673e-11 1.5589e-11 1.0308e-11 8.0354e-12 1.9069e-12 2.7201e-12 3.7181e-12 1.808e-12 2.3816e-12 3.0744e-12 1.25e-12 2.3965e-12 2.4792e-12 1.1682e-12 7.7734e-13 1.3198e-12 1.8185e-12 1.4772e-12 7.5344e-13 7.6987e-13 8.2949e-13 1.2763e-12 1.5509e-12 1.3791e-12
2.3769e-11 1.3949e-11 1.3749e-11 5.2226e-12 3.9337e-12 2.3257e-12 3.2537e-12 2.5607e-12 3.0237e-12 2.4071e-12 1.1756e-12 1.399e-12 2.6956e-12 2.6848e-12 9.0634e-13 1.3163e-12 2.0462e-12 6.8768e-13 1.7959e-12 7.899e-13 8.8579e-13 1.4176e-12 1.4585e-12 1.6076e-12
1.4673e-11 1.5589e-11 1.0308e-11 8.0354e-12 1.9069e-12 2.7201e-12 3.7181e-12 1.808e-12 2.3816e-12 3.0744e-12 1.25e-12 2.3965e-12 2.4792e-12 1.1682e-12 7.7734e-13 1.3198e-12 1.8185e-12 1.4772e-12 7.5344e-13 7.6987e-13 8.2949e-13 1.2763e-12 1.5509e-12 1.3791e-12
8.8425e-12 9.3629e-12 7.6739e-12 3.9533e-12 3.7398e-12 2.8833e-12 3.1096e-12 2.2897e-12 1.5468e-12 1.7514e-12 1.5453e-12 2.1481e-12 2.0485e-12 1.2021e-12 1.2626e-12 1.1085e-12 1.0326e-12 1.3083e-12 7.7458e-13 8.8021e-13 9.8283e-13 1.1974e-12 1.3172e-12 1.4227e-12
5.7579e-12 5.3457e-12 4.4314e-12 4.8985e-12 3.4912e-12 3.4685e-12 2.8813e-12 2.8694e-12 1.6202e-12 1.6678e-12 1.9032e-12 2.0112e-12 1.413e-12 1.4358e-12 1.3147e-12 1.4116e-12 1.0655e-12 1.0825e-12 9.6563e-13 9.5675e-13 1.1383e-12 1.1545e-12 1.1235e-12 1.2384e-12
8.9269e-12 7.203e-12 4.7792e-12 4.2048e-12 3.6186e-12 4.4773e-12 2.9048e-12 3.17e-12 0 1.6471e-12 2.2703e-12 1.6302e-12 1.8318e-12 1.4047e-12 2.4315e-12 1.2274e-12 8.9942e-13 9.9493e-13 5.7305e-13 7.0767e-13 1.2996e-12 1.226e-12 1.8019e-12 1.5909e-12
8.8425e-12 9.3629e-12 7.6739e-12 3.9533e-12 3.7398e-12 2.8833e-12 3.1096e-12 2.2897e-12 1.5468e-12 1.7514e-12 1.5453e-12 2.1481e-12 2.0485e-12 1.2021e-12 1.2626e-12 1.1085e-12 1.0326e-12 1.3083e-12 7.7458e-13 8.8021e-13 9.8283e-13 1.1974e-12 1.3172e-12 1.4227e-12
1.2588e-11 9.8725e-12 6.5515e-12 3.8606e-12 1.7923e-12 2.9486e-12 2.8519e-12 2.929e-12 2.2856e-12 1.4164e-12 2.6322e-12 2.2412e-12 1.1328e-12 1.3406e-12 1.1044e-12 1.4235e-12 1.3377e-12 9.6305e-13 9.2549e-13 7.1086e-13 1.0504e-12 1.2351e-12 1.1483e-12 1.1097e-12
8.8425e-12 9.3629e-12 7.6739e-12 3.9533e-12 3.7398e-12 2.8833e-12 3.1096e-12 2.2897e-12 1.5468e-12 1.7514e-12 1.5453e-12 2.1481e-12 2.0485e-12 1.2021e-12 1.2626e-12 1.1085e-12 1.0326e-12 1.3083e-12 7.7458e-13 8.8021e-13 9.8283e-13 1.1974e-12 1.3172e-12 1.4227e-12
8.9269e-12 7.203e-12 4.7792e-12 4.2048e-12 3.6186e-12 4.4773e-12 2.9048e-12 3.17e-12 0 1.6471e-12 2.2703e-12 1.6302e-12 1.8318e-12 1.4047e-12 2.4315e-12 1.2274e-12 8.9942e-13 9.9493e-13 5.7305e-13 7.0767e-13 1.2996e-12 1.226e-12 1.8019e-12 1.5909e-12
6.4629e-12 6.4156e-12 5.1265e-12 5.2577e-12 4.1602e-12 4.2169e-12 3.4766e-12 3.4216e-12 1.3759e-12 1.3918e-12 1.4477e-12 1.559e-12 1.5437e-12 1.7987e-12 1.3959e-12 1.4054e-12 7.1438e-13 6.7258e-13 6.6577e-13 6.3509e-13 1.5465e-12 1.5818e-12 1.6971e-12 1.6979e-12
6.4629e-12 6.4156e-12 5.1265e-12 5.2577e-12 4.1602e-12 4.2169e-12 3.4766e-12 3.4216e-12 1.3759e-12 1.3918e-12 1.4477e-12 1.559e-12 1.5437e-12 1.7987e-12 1.3959e-12 1.4054e-12 7.1438e-13 6.7258e-13 6.6577e-13 6.3509e-13 1.5465e-12 1.5818e-12 1.6971e-12 1.6979e-12
5.7579e-12 5.3457e-12 4.4314e-12 4.8985e-12 3.4912e-12 3.4685e-12 2.8813e-12 2.8694e-12 1.6202e-12 1.6678e-12 1.9032e-12 2.0112e-12 1.413e-12 1.4358e-12 1.3147e-12 1.4116e-12 1.0655e-12 1.0825e-12 9.6563e-13 9.5675e-13 1.1383e-12 1.1545e-12 1.1235e-12 1.2384e-12
6.1906e-12 6.0418e-12 4.0342e-12 3.6063e-12 3.2957e-12 3.516e-12 2.2582e-12 2.3256e-12 2.0207e-12 1.9683e-12 1.895e-12 1.9455e-12 1.2863e-12 1.3607e-12 9.6977e-13 1.0521e-12 1.0556e-12 1.0329e-12 9.4107e-13 9.3969e-13 1.2151e-12 1.1421e-12 1.0924e-12 1.0928e-12
5.7579e-12 5.3457e-12 4.4314e-12 4.8985e-12 3.4912e-12 3.4685e-12 2.8813e-12 2.8694e-12 1.6202e-12 1.6678e-12 1.9032e-12 2.0112e-12 1.413e-12 1.4358e-12 1.3147e-12 1.4116e-12 1.0655e-12 1.0825e-12 9.6563e-13 9.5675e-13 1.1383e-12 1.1545e-12 1.1235e-12 1.2384e-12
6.4629e-12 6.4156e-12 5.1265e-12 5.2577e-12 4.1602e-12 4.2169e-12 3.4766e-12 3.4216e-12 1.3759e-12 1.3918e-12 1.4477e-12 1.559e-12 1.5437e-12 1.7987e-12 1.3959e-12 1.4054e-12 7.1438e-13 6.7258e-13 6.6577e-13 6.3509e-13 1.5465e-12 1.5818e-12 1.6971e-12 1.6979e-12
6.3228e-12 6.8266e-12 6.3991e-12 6.3578e-12 3.7602e-12 3.7397e-12 3.806e-12 4.2817e-12 3.9359e-12 3.8185e-12 0 0 1.5522e-12 1.4817e-12 1.6143e-12 1.6461e-12 0 0 6.6628e-13 5.6489e-13 1.9133e-12 1.96e-12 1.7937e-12 1.9338e-12
9.976e-12 6.8094e-12 5.0217e-12 5.0255e-12 3.8111e-12 5.401e-12 2.9051e-12 3.1304e-12 0 1.8633e-12 2.1096e-12 1.5788e-12 1.8812e-12 1.3839e-12 2.7665e-12 1.2437e-12 9.1144e-13 1.0085e-12 5.6696e-13 6.8486e-13 1.2961e-12 1.263e-12 1.9471e-12 1.6737e-12
8.7332e-12 9.865e-12 7.4807e-12 3.8387e-12 3.7254e-12 3.0252e-12 3.1802e-12 2.2659e-12 1.6376e-12 1.8014e-12 1.5289e-12 2.251e-12 1.9443e-12 1.2082e-12 1.2386e-12 1.0663e-12 1.1851e-12 1.3297e-12 7.2841e-13 9.0466e-13 9.7048e-13 1.1781e-12 1.3333e-12 1.4276e-12
1.3731e-11 1.0173e-11 6.3274e-12 3.9465e-12 2.0001e-12 2.8451e-12 3.304e-12 2.8607e-12 2.3538e-12 1.4396e-12 2.6238e-12 2.4038e-12 1.1136e-12 1.316e-12 1.1435e-12 1.4134e-12 1.3775e-12 9.2821e-13 8.9971e-13 7.0141e-13 9.783e-13 1.1915e-12 1.1112e-12 1.0897e-12
8.7332e-12 9.865e-12 7.4807e-12 3.8387e-12 3.7254e-12 3.0252e-12 3.1802e-12 2.2659e-12 1.6376e-12 1.8014e-12 1.5289e-12 2.251e-12 1.9443e-12 1.2082e-12 1.2386e-12 1.0663e-12 1.1851e-12 1.3297e-12 7.2841e-13 9.0466e-13 9.7048e-13 1.1781e-12 1.3333e-12 1.4276e-12
9.976e-12 6.8094e-12 5.0217e-12 5.0255e-12 3.8111e-12 5.401e-12 2.9051e-12 3.1304e-12 0 1.8633e-12 2.1096e-12 1.5788e-12 1.8812e-12 1.3839e-12 2.7665e-12 1.2437e-12 9.1144e-13 1.0085e-12 5.6696e-13 6.8486e-13 1.2961e-12 1.263e-12 1.9471e-12 1.6737e-12
6.5342e-12 6.1388e-12 4.9066e-12 5.3264e-12 4.3223e-12 4.3424e-12 3.3803e-12 3.7611e-12 1.3547e-12 1.3806e-12 1.5416e-12 1.5214e-12 1.6306e-12 1.6385e-12 1.3183e-12 1.3602e-12 7.1871e-13 6.6529e-13 6.1432e-13 6.1989e-13 1.5648e-12 1.511e-12 1.6373e-12 1.7342e-12
8.7332e-12 9.865e-12 7.4807e-12 3.8387e-12 3.7254e-12 3.0252e-12 3.1802e-12 2.2659e-12 1.6376e-12 1.8014e-12 1.5289e-12 2.251e-12 1.9443e-12 1.2082e-12 1.2386e-12 1.0663e-12 1.1851e-12 1.3297e-12 7.2841e-13 9.0466e-13 9.7048e-13 1.1781e-12 1.3333e-12 1.4276e-12
1.4322e-11 1.5521e-11 1.41e-11 7.9271e-12 2.4768e-12 3.7988e-12 2.3329e-12 1.6543e-12 2.5684e-12 3.6605e-12 1.3302e-12 2.2906e-12 2.3451e-12 1.1774e-12 7.8678e-13 1.2447e-12 1.8758e-12 1.4754e-12 7.1217e-13 7.7727e-13 8.2607e-13 1.3006e-12 1.616e-12 1.2929e-12
1.6933e-11 1.9446e-11 1.083e-11 6.5522e-12 3.6344e-12 2.5941e-12 3.314e-12 2.5686e-12 2.9571e-12 2.3186e-12 1.2258e-12 1.387e-12 2.5948e-12 2.4787e-12 8.9675e-13 1.3446e-12 2.0644e-12 6.3437e-13 1.7015e-12 7.7476e-13 8.5675e-13 1.3836e-12 1.5007e-12 1.5386e-12
1.4322e-11 1.5521e-11 1.41e-11 7.9271e-12 2.4768e-12 3.7988e-12 2.3329e-12 1.6543e-12 2.5684e-12 3.6605e-12 1.3302e-12 2.2906e-12 2.3451e-12 1.1774e-12 7.8678e-13 1.2447e-12 1.8758e-12 1.4754e-12 7.1217e-13 7.7727e-13 8.2607e-13 1.3006e-12 1.616e-12 1.2929e-12
8.7332e-12 9.865e-12 7.4807e-12 3.8387e-12 3.7254e-12 3.0252e-12 3.1802e-12 2.2659e-12 1.6376e-12 1.8014e-12 1.5289e-12 2.251e-12 1.9443e-12 1.2082e-12 1.2386e-12 1.0663e-12 1.1851e-12 1.3297e-12 7.2841e-13 9.0466e-13 9.7048e-13 1.1781e-12 1.3333e-12 1.4276e-12
5.4359e-12 5.6063e-12 4.4555e-12 4.3173e-12 3.705e-12 3.5435e-12 2.8561e-12 3.0556e-12 1.6557e-12 1.7096e-12 1.75e-12 1.9304e-12 1.3914e-12 1.3808e-12 1.3218e-12 1.3317e-12 1.1216e-12 1.1135e-12 1.0019e-12 9.9102e-13 1.1583e-12 1.1756e-12 1.1403e-12 1.2701e-12
1.3731e-11 1.0173e-11 6.3274e-12 3.9465e-12 2.0001e-12 2.8451e-12 3.304e-12 2.8607e-12 2.3538e-12 1.4396e-12 2.6238e-12 2.4038e-12 1.1136e-12 1.316e-12 1.1435e-12 1.4134e-12 1.3775e-12 9.2821e-13 8.9971e-13 7.0141e-13 9.783e-13 1.1915e-12 1.1112e-12 1.0897e-12
1.6933e-11 1.9446e-11 1.083e-11 6.5522e-12 3.6344e-12 2.5941e-12 3.314e-12 2.5686e-12 2.9571e-12 2.3186e-12 1.2258e-12 1.387e-12 2.5948e-12 2.4787e-12 8.9675e-13 1.3446e-12 2.0644e-12 6.3437e-13 1.7015e-12 7.7476e-13 8.5675e-13 1.3836e-12 1.5007e-12 1.5386e-12
1.5248e-11 1.8215e-11 1.2093e-11 8.5185e-12 7.6598e-12 6.1241e-12 1.7579e-12 3.2838e-12 1.3018e-12 1.3348e-12 2.8373e-12 2.6972e-12 3.1546e-12 3.0416e-12 1.298e-12 1.4477e-12 0 3.5696e-12 1.9322e-12 7.7525e-13 7.3938e-13 1.4136e-12 2.0797e-12 1.7153e-12
1.6933e-11 1.9446e-11 1.083e-11 6.5522e-12 3.6344e-12 2.5941e-12 3.314e-12 2.5686e-12 2.9571e-12 2.3186e-12 1.2258e-12 1.387e-12 2.5948e-12 2.4787e-12 8.9675e-13 1.3446e-12 2.0644e-12 6.3437e-13 1.7015e-12 7.7476e-13 8.5675e-13 1.3836e-12 1.5007e-12 1.5386e-12
1.3731e-11 1.0173e-11 6.3274e-12 3.9465e-12 2.0001e-12 2.8451e-12 3.304e-12 2.8607e-12 2.3538e-12 1.4396e-12 2.6238e-12 2.4038e-12 1.1136e-12 1.316e-12 1.1435e-12 1.4134e-12 1.3775e-12 9.2821e-13 8.9971e-13 7.0141e-13 9.783e-13 1.1915e-12 1.1112e-12 1.0897e-12
5.7107e-12 6.3663e-12 4.0028e-12 3.8259e-12 3.4848e-12 3.6702e-12 2.5651e-12 2.1932e-12 1.8956e-12 1.9162e-12 2.0243e-12 2.2067e-12 1.3502e-12 1.3578e-12 9.5085e-13 1.0461e-12 1.112e-12 1.0348e-12 9.0796e-13 9.5582e-13 1.2369e-12 1.2164e-12 1.113e-12 1.0659e-12
8.7332e-12 9.865e-12 7.4807e-12 3.8387e-12 3.7254e-12 3.0252e-12 3.1802e-12 2.2659e-12 1.6376e-12 1.8014e-12 1.5289e-12 2.251e-12 1.9443e-12 1.2082e-12 1.2386e-12 1.0663e-12 1.1851e-12 1.3297e-12 7.2841e-13 9.0466e-13 9.7048e-13 1.1781e-12 1.3333e-12 1.4276e-12
1.4322e-11 1.5521e-11 1.41e-11 7.9271e-12 2.4768e-12 3.7988e-12 2.3329e-12 1.6543e-12 2.5684e-12 3.6605e-12 1.3302e-12 2.2906e-12 2.3451e-12 1.1774e-12 7.8678e-13 1.2447e-12 1.8758e-12 1.4754e-12 7.1217e-13 7.7727e-13 8.2607e-13 1.3006e-12 1.616e-12 1.2929e-12
1.6933e-11 1.9446e-11 1.083e-11 6.5522e-12 3.6344e-12 2.5941e-12 3.314e-12 2.5686e-12 2.9571e-12 2.3186e-12 1.2258e-12 1.387e-12 2.5948e-12 2.4787e-12 8.9675e-13 1.3446e-12 2.0644e-12 6.3437e-13 1.7015e-12 7.7476e-13 8.5675e-13 1.3836e-12 1.5007e-12 1.5386e-12
1.4322e-11 1.5521e-11 1.41e-11 7.9271e-12 2.4768e-12 3.7988e-12 2.3329e-12 1.6543e-12 2.5684e-12 3.6605e-12 1.3302e-12 2.2906e-12 2.3451e-12 1.1774e-12 7.8678e-13 1.2447e-12 1.8758e-12 1.4754e-12 7.1217e-13 7.7727e-13 8.2607e-13 1.3006e-12 1.616e-12 1.2929e-12
8.7332e-12 9.865e-12 7.4807e-12 3.8387e-12 3.7254e-12 3.0252e-12 3.1802e-12 2.2659e-12 1.6376e-12 1.8014e-12 1.5289e-12 2.251e-12 1.9443e-12 1.2082e-12 1.2386e-12 1.0663e-12 1.1851e-12 1.3297e-12 7.2841e-13 9.0466e-13 9.7048e-13 1.1781e-12 1.3333e-12 1.4276e-12
5.4359e-12 5.6063e-12 4.4555e-12 4.3173e-12 3.705e-12 3.5435e-12 2.8561e-12 3.0556e-12 1.6557e-12 1.7096e-12 1.75e-12 1.9304e-12 1.3914e-12 1.3808e-12 1.3218e-12 1.3317e-12 1.1216e-12 1.1135e-12 1.0019e-12 9.9102e-13 1.1583e-12 1.1756e-12 1.1403e-12 1.2701e-12
9.976e-12 6.8094e-12 5.0217e-12 5.0255e-12 3.8111e-12 5.401e-12 2.9051e-12 3.1304e-12 0 1.8633e-12 2.1096e-12 1.5788e-12 1.8812e-12 1.3839e-12 2.7665e-12 1.2437e-12 9.1144e-13 1.0085e-12 5.6696e-13 6.8486e-13 1.2961e-12 1.263e-12 1.9471e-12 1.6737e-12
8.7332e-12 9.865e-12 7.4807e-12 3.8387e-12 3.7254e-12 3.0252e-12 3.1802e-12 2.2659e-12 1.6376e-12 1.8014e-12 1.5289e-12 2.251e-12 1.9443e-12 1.2082e-12 1.2386e-12 1.0663e-12 1.1851e-12 1.3297e-12 7.2841e-13 9.0466e-13 9.7048e-13 1.1781e-12 1.3333e-12 1.4276e-12
1.3731e-11 1.0173e-11 6.3274e-12 3.9465e-12 2.0001e-12 2.8451e-12 3.304e-12 2.8607e-12 2.3538e-12 1.4396e-12 2.6238e-12 2.4038e-12 1.1136e-12 1.316e-12 1.1435e-12 1.4134e-12 1.3775e-12 9.2821e-13 8.9971e-13 7.0141e-13 9.783e-13 1.1915e-12 1.1112e-12 1.0897e-12
8.7332e-12 9.865e-12 7.4807e-12 3.8387e-12 3.7254e-12 3.0252e-12 3.1802e-12 2.2659e-12 1.6376e-12 1.8014e-12 1.5289e-12 2.251e-12 1.9443e-12 1.2082e-12 1.2386e-12 1.0663e-12 1.1851e-12 1.3297e-12 7.2841e-13 9.0466e-13 9.7048e-13 1.1781e-12 1.3333e-12 1.4276e-12
9.976e-12 6.8094e-12 5.0217e-12 5.0255e-12 3.8111e-12 5.401e-12 2.9051e-12 3.1304e-12 0 1.8633e-12 2.1096e-12 1.5788e-12 1.8812e-12 1.3839e-12 2.7665e-12 1.2437e-12 9.1144e-13 1.0085e-12 5.6696e-13 6.8486e-13 1.2961e-12 1.263e-12 1.9471e-12 1.6737e-12
6.5342e-12 6.1388e-12 4.9066e-12 5.3264e-12 4.3223e-12 4.3424e-12 3.3803e-12 3.7611e-12 1.3547e-12 1.3806e-12 1.5416e-12 1.5214e-12 1.6306e-12 1.6385e-12 1.3183e-12 1.3602e-12 7.1871e-13 6.6529e-13 6.1432e-13 6.1989e-13 1.5648e-12 1.511e-12 1.6373e-12 1.7342e-12
6.5342e-12 6.1388e-12 4.9066e-12 5.3264e-12 4.3223e-12 4.3424e-12 3.3803e-12 3.7611e-12 1.3547e-12 1.3806e-12 1.5416e-12 1.5214e-12 1.6306e-12 1.6385e-12 1.3183e-12 1.3602e-12 7.1871e-13 6.6529e-13 6.1432e-13 6.1989e-13 1.5648e-12 1.511e-12 1.6373e-12 1.7342e-12
5.4359e-12 5.6063e-12 4.4555e-12 4.3173e-12 3.705e-12 3.5435e-12 2.8561e-12 3.0556e-12 1.6557e-12 1.7096e-12 1.75e-12 1.9304e-12 1.3914e-12 1.3808e-12 1.3218e-12 1.3317e-12 1.1216e-12 1.1135e-12 1.0019e-12 9.9102e-13 1.1583e-12 1.1756e-12 1.1403e-12 1.2701e-12
5.7107e-12 6.3663e-12 4.0028e-12 3.8259e-12 3.4848e-12 3.6702e-12 2.5651e-12 2.1932e-12 1.8956e-12 1.9162e-12 2.0243e-12 2.2067e-12 1.3502e-12 1.3578e-12 9.5085e-13 1.0461e-12 1.112e-12 1.0348e-12 9.0796e-13 9.5582e-13 1.2369e-12 1.2164e-12 1.113e-12 1.0659e-12
5.4359e-12 5.6063e-12 4.4555e-12 4.3173e-12 3.705e-12 3.5435e-12 2.8561e-12 3.0556e-12 1.6557e-12 1.7096e-12 1.75e-12 1.9304e-12 1.3914e-12 1.3808e-12 1.3218e-12 1.3317e-12 1.1216e-12 1.1135e-12 1.0019e-12 9.9102e-13 1.1583e-12 1.1756e-12 1.1403e-12 1.2701e-12
6.5342e-12 6.1388e-12 4.9066e-12 5.3264e-12 4.3223e-12 4.3424e-12 3.3803e-12 3.7611e-12 1.3547e-12 1.3806e-12 1.5416e-12 1.5214e-12 1.6306e-12 1.6385e-12 1.3183e-12 1.3602e-12 7.1871e-13 6.6529e-13 6.1432e-13 6.1989e-13 1.5648e-12 1.511e-12 1.6373e-12 1.7342e-12
7.3359e-12 5.6848e-12 5.8956e-12 6.1466e-12 3.6452e-12 3.4817e-12 3.6063e-12 3.7289e-12 1.4319e-12 1.3806e-12 1.6156e-12 1.4136e-12 3.729e-12 3.2538e-12 0 0 0 0 6.4357e-13 0 1.9465e-12 1.7801e-12 1.8608e-12 2.0343e-12
